No    Ref    V       B-V     U-B


 0001   561  14.510   0.485   0.022
 0002   561  13.249   0.436  -0.192
 0004   561  13.278   0.659   0.194
 0005   561  14.991   0.523   0.141
 0006   561  13.583   0.406  -0.224
 0007   561  13.911   0.477  -0.104
 0008   561  15.010   0.520   0.156
 0009   561  15.090   0.636   0.388
 0010   561  12.757   0.393  -0.264
 0011   561  15.183   0.549   0.139
 0012   561  13.932   0.475   0.045
 0013   561  14.889   0.584   0.153
 0014   561  13.535   0.429  -0.229
 0015   561  13.609   0.517  -0.020
 0016   561  14.730   0.501   0.078
 0017   561  13.164   0.439  -0.242
 0018   561  14.497   0.493   0.011
 0020   561  14.553   0.499  -0.052
 0023   561  12.626   0.415  -0.300
 0024   561  14.410   0.518   0.007
 0025   561  13.692   0.796   0.314
 0026   561  12.674   0.434  -0.343
 0027   561  13.457   0.704   0.153
 0028   561  14.555   0.537   0.009
 0030   561  14.808   0.641   0.314
 0100   561  16.282   0.785         
 0102   561  17.717   0.262         
 0103   561  16.114   0.879         
 0105   561  18.868   0.728         
 0106   561  17.328   1.381         
 0109   561  18.658   1.122         
 0110   561  17.245   0.796         
 0111   561  16.603   1.387         
 0112   561  18.376   1.091         
 0113   561  19.174   0.995         
 0115   561  18.667   1.382         
 0116   561  17.772   1.134         
 0117   561  16.422   0.923   0.065
 0118   561  12.895   1.951   1.811
 0119   561  18.688   1.136         
 0120   561  20.443   1.237         
 0122   561  19.937   0.957         
 0123   561  19.433   1.087         
 0124   561  20.174   1.069         
 0125   561  19.604   1.044         
 0126   561  19.506   1.317         
 0127   561  20.206   0.901         
 0128   561  20.548   1.048         
 0129   561  19.893   1.147         
 0130   561  20.418   0.707         
 0131   561  18.520   1.166  -0.202
 0132   561  19.542   1.258  -0.476
 0133   561  19.011   1.233         
 0134   561  17.863   1.027  -0.340
 0135   561  19.810   1.262         
 0136   561  17.963   1.161   0.292
 0137   561  18.768   0.940         
 0138   561  18.014   1.152   0.162
 0139   561  15.349   1.283   0.556
 0140   561  16.324   0.968   0.435
 0141   561  15.000   1.019   0.331
 0142   561  19.428   1.320         
 0143   561  18.653   1.239  -0.011
 0144   561  19.112   1.127         
 0145   561  17.810   1.467   1.345
 0146   561  19.986   1.230         
 0147   561  19.927   1.103         
 0148   561  18.317   1.821         
 0149   561  20.272   1.415         
 0152   561  13.253   0.669   0.467
 0153   561  19.951   1.240         
 0154   561  17.076   1.086   0.307
 0156   561  20.648   0.991         
 0157   561  19.536   1.201         
 0158   561  19.560   1.198         
 0159   561  18.017   1.248   0.241
 0160   561  20.411   1.401         
 0161   561  20.401   0.309  -1.023
 0162   561  17.886   1.310   0.938
 0164   561  20.496   1.081         
 0165   561  18.940   1.523   0.015
 0166   561  20.283   1.439         
 0168   561  18.074   0.984   0.245
 0170   561  19.070   1.146         
 0171   561  20.504   0.992         
 0174   561  13.945   0.741   0.357
 0175   561  19.352   1.308         
 0177   561  19.469   1.336         
 0178   561  16.248   1.462   0.877
 0179   561  19.128   1.040   0.194
 0180   561  18.059   1.198   0.319
 0181   561  19.398   1.937         
 0182   561  18.878   1.491         
 0184   561  19.334   1.166         
 0185   561  19.788   1.348  -0.469
 0186   561  17.738   1.137   0.417
 0187   561  20.735   1.538         
 0188   561  17.665   0.887   0.536
 0189   561  19.809   1.202         
 0190   561  18.888   1.097   0.134
 0191   561  20.362   1.433         
 0193   561  19.889   1.213         
 0194   561  17.340   0.921   0.577
 0195   561  19.251   1.129         
 0196   561  20.071   1.844         
 0197   561  19.948   1.628         
 0198   561  20.572   1.395         
 0199   561  20.282   1.267         
 0200   561  20.536   1.200         
 0202   561  19.574   1.174         
 0203   561  18.937   1.190         
 0204   561  18.925   1.024         
 0205   561  15.533   0.862   0.381
 0206   561  14.326   0.687   0.112
 0207   561  19.125   1.252         
 0208   561  17.840   0.847   0.299
 0209   561  15.986   1.009   0.380
 0210   561  19.875   1.277         
 0211   561  20.664   1.115         
 0212   561  19.983   1.451         
 0213   561  19.506   1.162         
 0214   561  18.355   1.378   0.572
 0215   561  20.490   1.012         
 0216   561  18.346   0.961   0.372
 0218   561  19.371   1.311         
 0221   561  20.570   0.940         
 0222   561  20.577   1.308         
 0223   561  18.286   1.182   0.153
 0224   561  20.539   1.297         
 0226   561  17.230   1.014   0.375
 0227   561  20.014   1.206         
 0228   561  19.476   1.112         
 0229   561  17.154   1.041   0.482
 0230   561  17.920   1.233   0.388
 0231   561  19.953   1.125         
 0232   561  16.316   1.052   0.422
 0233   561  17.585   1.335   1.124
 0234   561  18.773   1.056         
 0235   561  20.136   1.476         
 0236   561  20.016   1.623         
 0237   561  20.038   1.302         
 0238   561  17.610   1.315   0.773
 0239   561  20.506   1.610         
 0240   561  17.074   1.199   0.481
 0241   561  18.433   1.034   0.189
 0242   561  19.117   1.187         
 0243   561  20.053   1.974         
 0244   561  14.723   0.713   0.472
 0245   561  19.041   1.624         
 0246   561  14.384   1.648   1.392
 0247   561  17.140   0.993   0.473
 0248   561  20.158   1.532         
 0249   561  21.197   0.897         
 0253   561  19.745   1.427         
 0254   561  18.763   1.329         
 0255   561  18.694   1.143   0.298
 0256   561  18.976   1.467         
 0257   561  17.361   0.970   0.541
 0258   561  20.294   1.217         
 0259   561  19.608   1.278         
 0260   561  18.635   2.035   0.126
 0261   561  17.619   1.237   1.141
 0263   561  18.921   1.729         
 0264   561  17.345   1.828         
 0265   561  19.854   1.464         
 0267   561  19.982   1.095         
 0268   561  19.899   1.300         
 0269   561  20.014   1.325         
 0270   561  20.470   1.164         
 0271   561  19.136   1.329         
 0272   561  19.966   1.250         
 0273   561  20.861   1.538         
 0274   561  19.587   1.160   0.210
 0275   561  17.255   0.982   0.425
 0277   561  18.148   0.990   0.633
 0279   561  19.343   1.519         
 0280   561  19.565   1.036   0.298
 0281   561  18.541   1.210   0.338
 0282   561  20.008   1.664         
 0285   561  19.226   1.245         
 0286   561  18.111   1.140   0.366
 0287   561  17.920   1.167   0.406
 0288   561  16.818   0.918   0.452
 0289   561  18.034   1.278   0.454
 0290   561  18.146   1.104   0.285
 0291   561  19.108   1.295         
 0292   561  20.433   1.419         
 0293   561  19.963   1.330         
 0294   561  18.612   1.249   0.352
 0295   561  17.592   1.264   0.511
 0296   561  20.465   1.156  -0.213
 0297   561  20.070   1.750         
 0300   561  19.949   1.189         
 0301   561  18.273   1.151   0.195
 0302   561  17.340   1.177   0.481
 0303   561  15.360   0.674   0.446
 0304   561  20.291   1.275         
 0305   561  19.856   1.624         
 0306   561  18.185   1.255   0.451
 0307   561  14.690   0.749   0.451
 0308   561  19.978   1.616         
 0309   561  16.538   0.810   0.492
 0310   561  16.348   0.779   0.490
 0311   561  19.320   1.368         
 0312   561  17.958   1.133   0.437
 0313   561  20.867   1.281         
 0314   561  20.195   1.146         
 0315   561  15.423   0.733   0.486
 0318   561  19.762   1.448         
 0320   561  20.330   0.960         
 0321   561  19.533   1.412         
 0322   561  20.370   1.119         
 0324   561  20.880   0.911         
 0325   561  17.923   1.244   0.344
 0326   561  19.796   1.332         
 0327   561  20.296   1.378         
 0328   561  18.910   1.301         
 0329   561  20.200   1.131         
 0330   561  18.411   1.036   0.411
 0331   561  19.240   1.640         
 0332   561  19.808   1.205         
 0333   561  18.833   1.164   0.229
 0334   561  16.023   1.062   0.417
 0336   561  19.890   1.548         
 0337   561  19.669   1.374         
 0338   561  18.415   1.867         
 0339   561  16.792   0.992   0.412
 0340   561  16.754   1.426   0.984
 0341   561  20.225   1.118         
 0342   561  18.497   1.359         
 0343   561  15.867   0.663   0.412
 0344   561  19.847   1.131         
 0345   561  20.684   1.167         
 0346   561  14.887   0.944   0.278
 0347   561  18.422   1.621         
 0348   561  16.440   1.424   1.012
 0349   561  16.795   1.153   0.424
 0350   561  20.057   1.445         
 0351   561  19.339   1.129         
 0352   561  20.559   1.409         
 0353   561  17.875   1.587   0.691
 0354   561  20.173   1.390         
 0356   561  20.335   1.030         
 0357   561  17.355   1.070   0.377
 0358   561  19.704   1.459  -0.583
 0359   561  17.729   0.946   0.547
 0360   561  18.836   1.317         
 0363   561  17.486   1.098   0.515
 0364   561  17.272   0.954   0.280
 0365   561  20.170   0.973         
 0366   561  19.682   1.268         
 0367   561  20.598   1.312         
 0368   561  18.734   1.328         
 0369   561  18.622   1.249   0.391
 0370   561  20.473   1.012         
 0372   561  19.285   1.272         
 0375   561  19.913   1.300  -0.439
 0377   561  20.779   0.816         
 0378   561  19.914   1.485         
 0379   561  20.919   0.848         
 0380   561  16.180   0.739   0.456
 0383   561  17.068   1.213   0.515
 0384   561  15.305   0.588   0.227
 0385   561  16.947   1.208   0.516
 0386   561  19.532   1.366         
 0387   561  18.765   1.268   0.461
 0388   561  17.380   1.046   0.564
 0390   561  20.741   0.954         
 0391   561  20.187   1.500         
 0392   561  19.626   1.302         
 0393   561  18.466   1.134         
 0394   561  17.869   1.267   0.472
 0397   561  18.900   1.776   0.551
 0398   561  19.711   1.114  -0.241
 0399   561  14.788   0.570   0.030
 0400   561  18.456   1.212   0.226
 0401   561  18.937   1.195   0.056
 0402   561  17.995   1.273   0.650
 0403   561  18.677   1.370   0.321
 0404   561  18.424   1.169   0.326
 0405   561  16.018   1.055   0.430
 0406   561  14.793   0.868   0.269
 0407   561  19.522   1.385         
 0408   561  20.347   1.022         
 0410   561  12.134   0.456  -0.352
 0411   561  19.861   1.485         
 0412   561  17.343   1.143   0.430
 0413   561  17.597   1.029   0.312
 0414   561  20.368   1.196         
 0415   561  17.383   1.311   1.357
 0416   561  19.526   1.154         
 0417   561  19.865   1.370         
 0419   561  16.791   0.908   0.437
 0420   561  16.528   0.955   0.348
 0421   561  14.153   0.900   0.312
 0422   561  20.656   1.062         
 0423   561  19.612   1.350         
 0424   561  19.743   1.404         
 0425   561  18.555   1.526   0.344
 0426   561  14.092   1.979   1.834
 0427   561  19.450   1.730         
 0428   561  17.754   1.035   0.307
 0430   561  20.104   1.033  -0.454
 0431   561  18.825   1.560         
 0433   561  20.097   1.043         
 0434   561  20.671   1.386         
 0435   561  18.104   1.157   0.246
 0436   561  19.767   1.380         
 0437   561  17.954   1.376   1.119
 0439   561  18.559   1.135  -0.092
 0440   561  17.575   1.004   0.233
 0441   561  20.320   1.204         
 0442   561  19.759   1.409         
 0443   561  15.325   1.026   0.392
 0445   561  16.503   1.460   0.957
 0446   561  20.194   1.591         
 0447   561  21.024   1.241         
 0448   561  18.039   1.266   0.422
 0450   561  20.419   1.059  -0.572
 0451   561  16.436   1.921   1.571
 0452   561  18.305   1.363   0.493
 0453   561  19.565   1.332         
 0454   561  20.773   1.252         
 0457   561  19.543   1.606         
 0458   561  19.756   1.250  -0.156
 0459   561  20.144   1.049         
 0460   561  18.419   1.518         
 0461   561  20.203   1.399         
 0462   561  20.271   1.416  -0.852
 0464   561  19.824   1.261         
 0465   561  16.959   1.557   1.298
 0466   561  19.114   1.319         
 0467   561  19.334   1.250         
 0468   561  17.770   0.926   0.474
 0469   561  15.882   1.093   0.435
 0470   561  11.253   1.518   1.344
 0471   561  18.555   1.353   0.192
 0472   561  21.041   1.156         
 0474   561  19.130   1.424         
 0475   561  17.751   1.063   0.359
 0476   561  20.428   1.035  -0.143
 0477   561  18.695   1.155   0.181
 0478   561  20.555   1.222         
 0479   561  19.485   1.292  -0.482
 0481   561  20.348   1.616         
 0482   561  17.278   0.812   0.530
 0483   561  20.160   1.425         
 0484   561  16.715   1.073   0.437
 0485   561  17.921   1.588         
 0486   561  20.395   1.242         
 0487   561  19.240   1.325         
 0488   561  18.058   1.159   0.280
 0489   561  16.746   2.017   0.796
 0490   561  18.845   1.834   0.275
 0491   561  20.401   1.429         
 0492   561  15.105   0.982   0.336
 0493   561  17.586   1.361   0.901
 0494   561  19.747   1.598         
 0495   561  17.972   1.164   0.428
 0496   561  19.071   1.481   0.294
 0497   561  19.097   1.269         
 0498   561  20.180   1.193         
 0500   561  20.064   0.964         
 0502   561  19.376   1.152         
 0503   561  16.895   1.341   0.857
 0505   561  17.891   1.374   0.716
 0506   561  20.684   1.452         
 0507   561  19.493   1.126         
 0509   561  18.043   1.323   0.563
 0510   561  19.309   1.100   0.384
 0511   561  16.434   1.835   1.398
 0512   561  18.800   1.215   0.059
 0513   561  17.911   1.746         
 0514   561  16.601   1.491   0.704
 0516   561  19.450   1.153  -0.175
 0517   561  19.618   0.995         
 0518   561  15.818   0.906   0.353
 0519   561  17.655   1.044   0.369
 0520   561  15.662   0.712   0.264
 0521   561  18.835   1.703         
 0522   561  19.636   1.464         
 0523   561  21.220   0.800         
 0524   561  20.101   1.741         
 0525   561  14.566   0.853   0.271
 0526   561  19.407   1.172  -0.372
 0527   561  19.511   1.188         
 0528   561  19.086   1.087   0.176
 0529   561  20.298   1.934         
 0530   561  18.142   1.056   0.364
 0531   561  20.098   1.473         
 0533   561  11.867   0.457  -0.310
 0534   561  20.373   1.254         
 0536   561  19.639   1.286         
 0537   561  19.681   1.541         
 0538   561  19.324   1.449         
 0539   561  20.048   1.110         
 0540   561  16.521   0.921   0.303
 0541   561  20.202   1.321         
 0542   561  18.976   1.261   0.465
 0543   561  18.520   1.523   0.282
 0544   561  18.886   1.313   0.052
 0545   561  19.753   1.374         
 0546   561  15.257   1.588   1.158
 0547   561  20.233   1.335  -0.226
 0548   561  18.636   1.216   0.334
 0549   561  15.929   0.986   0.414
 0550   561  18.887   1.329   0.337
 0553   561  17.716   1.140   0.472
 0554   561  18.394   1.162   0.376
 0557   561  18.322   1.107   0.353
 0558   561  19.674   1.429         
 0559   561  19.985   1.344         
 0561   561  16.327   1.081   0.457
 0562   561  21.509   0.613         
 0565   561  19.814   1.323         
 0567   561  17.578   0.942   0.277
 0568   561  16.691   0.893   0.561
 0569   561  20.782   0.592  -1.059
 0570   561  19.675   1.190         
 0571   561  19.729   1.390  -0.350
 0572   561  17.885   1.043   0.335
 0573   561  19.765   1.227  -0.575
 0574   561  19.833   1.478         
 0575   561  20.018   1.224         
 0578   561  19.935   1.612         
 0579   561  15.670   0.820   0.478
 0580   561  14.121   1.626   1.184
 0582   561  19.073   1.535         
 0583   561  18.396   1.850   0.236
 0584   561  17.620   1.147   0.328
 0585   561  20.225   1.155         
 0586   561  19.283   1.486  -0.479
 0587   561  19.375   1.210   0.091
 0588   561  17.468   0.996   0.494
 0589   561  19.482   1.494         
 0590   561  18.242   1.155   0.296
 0591   561  18.900   1.261         
 0592   561  19.322   1.915         
 0594   561  17.908   1.181   0.370
 0595   561  15.298   0.728   0.450
 0596   561  19.132   1.212         
 0597   561  20.203   1.392         
 0598   561  18.168   1.376   0.655
 0599   561  19.398   1.736         
 0600   561  19.632   1.890         
 0601   561  18.409   1.174   0.433
 0602   561  14.933   0.655   0.137
 0603   561  18.017   1.103   0.301
 0604   561  18.845   1.111   0.336
 0605   561  16.753   1.687   1.297
 0606   561  18.474   1.544   0.357
 0607   561  18.013   1.189   0.418
 0610   561  20.318   1.371         
 0612   561  15.069   0.846   0.466
 0613   561  20.198   1.503         
 0614   561  20.443   1.379  -1.297
 0615   561  20.239   1.366  -0.366
 0616   561  18.954   1.207         
 0617   561  18.058   1.100   0.270
 0618   561  14.643   0.693   0.329
 0619   561  18.170   1.200   0.420
 0620   561  19.239   1.003   0.045
 0621   561  19.864   1.243         
 0623   561  19.930   1.510         
 0624   561  17.347   1.029   0.386
 0625   561  20.866   1.023         
 0626   561  17.752   1.093   0.384
 0627   561  19.518   1.496         
 0628   561  17.762   1.310   0.340
 0631   561  17.029   1.543   1.110
 0632   561  17.649   1.029   0.468
 0633   561  19.682   1.343         
 0634   561  16.790   0.892   0.341
 0635   561  16.583   0.843   0.564
 0636   561  18.184   0.952   0.401
 0637   561  20.511   1.343         
 0638   561  20.081   1.431         
 0640   561  20.344   1.624         
 0641   561  16.968   1.128   0.433
 0642   561  17.671   2.370         
 0643   561  19.740   1.350         
 0644   561  18.040   1.014   1.052
 0645   561  16.892   1.120   0.429
 0647   561  20.476   1.343         
 0648   561  18.037   1.123   0.377
 0649   561  17.077   1.265   0.697
 0650   561  18.610   1.138   0.341
 0651   561  20.337   1.861         
 0653   561  18.960   1.419         
 0654   561  19.169   1.320   0.278
 0655   561  19.713   1.275         
 0656   561  19.730   1.461         
 0658   561  19.811   1.438         
 0660   561  20.812   0.659         
 0661   561  17.431   1.001   0.511
 0662   561  20.047   1.332         
 0663   561  19.443   1.050   0.420
 0664   561  19.171   1.434  -0.120
 0665   561  20.111   1.518         
 0666   561  19.608   1.200         
 0667   561  16.572   0.726   0.375
 0668   561  19.130   1.475         
 0669   561  18.896   1.668         
 0670   561  19.842   1.661         
 0672   561  20.719   0.985         
 0673   561  20.309   1.182         
 0674   561  20.520   1.327         
 0676   561  19.437   1.197         
 0677   561  20.421   1.476         
 0678   561  20.525   1.490         
 0679   561  17.914   1.259   0.406
 0681   561  20.646   1.025         
 0682   561  20.075   1.407         
 0683   561  14.611   1.161   0.729
 0685   561  18.555   1.145   0.469
 0686   561  15.605   0.703   0.217
 0687   561  18.103   1.135   0.329
 0689   561  19.673   1.210         
 0690   561  20.042   1.619         
 0691   561  18.094   1.153         
 0692   561  19.763   1.083         
 0693   561  18.841   1.138   0.250
 0694   561  19.233   1.235         
 0695   561  18.703   0.972   0.426
 0696   561  17.798   1.088   0.274
 0698   561  19.993   1.435         
 0700   561  16.452   1.276   0.834
 0702   561  19.166   1.298         
 0704   561  18.748   1.218   0.450
 0705   561  18.360   1.355   0.252
 0706   561  16.969   1.909         
 0707   561  19.803   1.478         
 0708   561  18.312   1.247   0.572
 0710   561  19.037   1.185         
 0711   561  19.372   1.394         
 0712   561  19.308   1.223         
 0713   561  19.630   1.270         
 0714   561  20.150   1.182  -0.781
 0715   561  20.524   0.696         
 0717   561  20.696   1.281         
 0718   561  15.890   1.457         
 0719   561  17.763   1.148   0.309
 0720   561  17.918   1.063   0.275
 0721   561  19.438   1.177         
 0722   561  20.231   1.446         
 0723   561  18.023   1.264   0.457
 0724   561  18.601   1.122   0.250
 0725   561  19.156   1.053         
 0726   561  18.099   1.167   0.288
 0728   561  19.401   1.778         
 0729   561  19.064   1.953         
 0731   561  19.504   1.667         
 0732   561  21.047   1.047         
 0733   561  15.967   1.219   0.776
 0734   561  19.371   1.441         
 0735   561  18.753   1.222   0.356
 0737   561  19.194   1.208   0.150
 0738   561  19.499   1.348         
 0739   561  18.619   1.267   0.216
 0740   561  19.954   1.542         
 0743   561  19.903   1.380         
 0744   561  18.707   1.139   0.242
 0745   561  18.931   1.997         
 0746   561  19.959   1.307         
 0747   561  19.503   1.351         
 0748   561  20.992   0.799         
 0751   561  15.636   0.902   0.258
 0753   561  17.748   1.200   0.661
 0754   561  17.688   0.937   0.513
 0755   561  18.653   1.356   0.218
 0756   561  16.707   1.130   0.529
 0757   561  18.851   1.677         
 0758   561  19.554   1.202  -0.430
 0759   561  18.258   1.688   0.523
 0760   561  19.256   1.372         
 0761   561  19.845   1.552         
 0763   561  19.959   1.296         
 0764   561  19.314   1.117         
 0765   561  18.249   1.227         
 0767   561  16.022   0.774   0.471
 0768   561  19.519   1.393         
 0769   561  19.880   1.482         
 0770   561  17.604   2.370         
 0771   561  17.900   1.284   0.429
 0772   561  19.479   1.337         
 0773   561  18.539   1.157   0.205
 0775   561  15.725   0.634   0.087
 0776   561  15.487   0.812   0.484
 0777   561  19.157   1.073   0.548
 0778   561  18.955   1.512         
 0779   561  19.976   1.066         
 0780   561  18.044   1.157   0.266
 0781   561  20.128   1.229         
 0782   561  18.756   1.316   0.260
 0783   561  20.081   1.223         
 0784   561  19.946   1.030         
 0785   561  18.775   1.369         
 0786   561  16.659   1.180   0.415
 0787   561  19.576   1.432         
 0788   561  18.000   1.139   0.287
 0789   561  16.564   0.795   0.397
 0790   561  12.619   1.863   1.988
 0791   561  19.538   1.352         
 0792   561  20.240   1.343         
 0794   561  17.240   0.851   0.504
 0795   561  17.981   1.463   0.863
 0796   561  15.073   1.010   0.436
 0797   561  20.453   0.579         
 0798   561  19.488   1.568         
 0799   561  19.900   1.437         
 0801   561  20.476   1.139         
 0803   561  18.233   1.519   0.397
 0804   561  16.568   1.912   1.650
 0805   561  15.024   0.838   0.232
 0806   561  16.523   1.096   0.458
 0807   561  18.780   1.222   0.104
 0809   561  19.284   1.219         
 0810   561  19.683   1.385         
 0814   561  19.460   1.246  -0.228
 0815   561  20.110   1.481         
 0816   561  20.047   1.595         
 0817   561  16.856   0.818   0.381
 0818   561  18.738   1.332         
 0819   561  19.483   1.648         
 0820   561  17.620   1.024   0.287
 0821   561  17.780   1.247   0.340
 0822   561  14.678   1.485   0.986
 0823   561  18.089   1.315   0.494
 0824   561  17.714   1.158   0.430
 0825   561  18.335   1.374         
 0828   561  19.124   1.033         
 0829   561  17.260   1.151   0.495
 0830   561  20.681   0.818         
 0831   561  19.373   1.557         
 0832   561  17.078   0.783   0.415
 0833   561  19.606   1.274         
 0835   561  18.706   1.208   0.483
 0837   561  18.606   1.965         
 0838   561  19.412   1.569         
 0839   561  20.053   1.276         
 0840   561  19.272   1.378   0.032
 0841   561  18.609   1.114   0.151
 0842   561  19.486   1.152         
 0843   561  18.553   1.244   0.332
 0844   561  19.006   1.409         
 0845   561  16.693   1.287   0.637
 0846   561  20.244   1.239         
 0847   561  14.615   0.558   0.068
 0848   561  19.575   1.185         
 0849   561  18.459   1.272   0.524
 0850   561  19.202   1.305         
 0851   561  18.408   1.316   0.713
 0852   561  19.752   1.466  -0.303
 0854   561  19.299   1.487         
 0855   561  17.782   1.933         
 0856   561  15.710   1.065   0.534
 0857   561  19.644   1.043  -0.173
 0858   561  15.152   0.848   0.226
 0859   561  19.407   0.965  -0.019
 0860   561  18.787   1.283   0.289
 0861   561  18.416   1.154   0.372
 0862   561  18.273   1.250   0.426
 0863   561  20.549   1.325         
 0864   561  17.886   1.316   0.601
 0865   561  18.835   1.128   0.003
 0866   561  17.077   1.024   0.222
 0868   561  18.006   1.151   0.303
 0869   561  20.642   1.206         
 0870   561  20.016   1.120         
 0872   561  13.721   0.697   0.426
 0873   561  17.555   1.279   0.588
 0874   561  16.955   1.204   0.540
 0875   561  19.696   1.289         
 0876   561  19.579   1.331         
 0877   561  19.448   1.407         
 0878   561  18.209   1.547   0.806
 0879   561  20.663   1.072         
 0880   561  19.996   1.693         
 0881   561  20.051   1.333         
 0882   561  19.309   1.787         
 0883   561  17.697   1.196   0.414
 0884   561  20.787   1.224         
 0885   561  18.456   1.236         
 0886   561  17.242   1.191   0.469
 0888   561  18.164   1.023   0.384
 0889   561  20.642   1.408         
 0890   561  20.202   1.279         
 0892   561  15.125   0.524   0.187
 0893   561  19.728   1.542         
 0894   561  18.701   1.098   0.262
 0895   561  17.163   1.097   0.392
 0896   561  18.046   1.088   0.226
 0899   561  18.755   1.230   0.215
 0901   561  21.246   0.653  -1.899
 0902   561  20.298   1.167         
 0903   561  18.817   1.216         
 0904   561  16.148   1.038   0.350
 0905   561  19.496   1.443         
 0909   561  20.249   1.432         
 0911   561  19.905   1.288         
 0912   561  17.391   1.076   0.341
 0914   561  18.785   1.249   0.427
 0915   561  19.863   1.205         
 0916   561  19.709   1.405         
 0918   561  19.201   1.680         
 0919   561  19.636   1.289         
 0920   561  13.994   0.815   0.430
 0921   561  20.851   0.909         
 0925   561  18.693   1.290         
 0926   561  16.539   1.118   0.488
 0927   561  15.294   0.909   0.288
 0928   561  18.124   1.018   0.516
 0929   561  18.233   1.307   0.677
 0930   561  15.021   1.591   1.143
 0933   561  19.362   1.301  -0.185
 0935   561  20.053   1.385         
 0936   561  19.186   1.134         
 0937   561  18.911   1.600         
 0938   561  19.761   1.314         
 0940   561  17.795   1.282   0.820
 0941   561  20.146   1.539         
 0942   561  19.217   1.100   0.033
 0943   561  19.320   1.324         
 0944   561  19.622   1.549         
 0945   561  19.811   1.515         
 0946   561  18.769   1.070   0.189
 0947   561  19.911   1.371         
 0948   561  18.555   1.143   0.346
 0949   561  19.768   1.304         
 0950   561  19.244   1.136   0.045
 0953   561  17.301   1.385   1.072
 0954   561  18.960   1.404         
 0955   561  19.514   1.086   0.047
 0956   561  17.279   1.098   0.451
 0957   561  19.707   1.310         
 0958   561  14.157   0.659   0.377
 0960   561  19.427   1.155         
 0961   561  15.495   0.777   0.515
 0963   561  17.206   1.040   0.571
 0965   561  16.849   1.044   0.355
 0966   561  19.385   1.225         
 0967   561  15.014   0.886   0.293
 0968   561  17.607   1.738   0.961
 0969   561  12.993   0.512  -0.248
 0970   561  19.469   1.347         
 0971   561  19.143   1.402         
 0972   561  18.605   1.212   0.228
 0974   561  15.773   0.991   0.268
 0975   561  19.736   1.390         
 0976   561  17.456   1.216   0.548
 0977   561  17.429   0.962   0.347
 0979   561  20.411   1.138         
 0981   561  20.221   1.147         
 0982   561  15.723   0.601   0.363
 0983   561  19.611   1.552         
 0984   561  20.392   1.315         
 0985   561  18.260   1.104   0.328
 0986   561  16.346   1.013   0.357
 0987   561  19.811   1.239         
 0988   561  19.479   1.366         
 0989   561  14.555   1.347   0.756
 0990   561  16.613   0.867   0.426
 0991   561  18.154   1.210   0.199
 0992   561  16.803   1.739   0.820
 0993   561  19.775   1.292         
 0994   561  18.553   1.122         
 0995   561  19.374   1.512         
 0996   561  14.008   0.497   0.006
 0997   561  15.685   0.917   0.310
 0998   561  19.491   1.092         
 0999   561  16.833   1.562   0.923
 1000   561  18.626   1.149   0.618
 1001   561  17.623   1.239   0.884
 1002   561  17.831   1.155   0.339
 1003   561  19.633   1.503         
 1006   561  19.832   1.650         
 1008   561  19.990   1.171         
 1009   561  16.943   1.134   0.528
 1010   561  15.933   1.000   0.391
 1011   561  20.196   1.049         
 1012   561  17.198   1.361   0.674
 1013   561  19.571   1.209         
 1014   561  17.589   1.521   1.119
 1017   561  17.890   1.342   0.816
 1018   561  17.759   1.137   0.303
 1019   561  18.441   1.349   0.416
 1020   561  17.070   1.628   0.977
 1021   561  18.322   1.054   0.342
 1022   561  17.902   1.966         
 1023   561  20.523   1.308         
 1024   561  18.964   1.719         
 1025   561  20.378   1.201  -0.376
 1028   561  18.155   1.016   0.291
 1029   561  17.521   1.101   0.388
 1030   561  16.381   0.907   0.418
 1031   561  17.426   1.154   0.563
 1032   561  19.720   1.389         
 1033   561  20.169   1.979         
 1034   561  17.295   0.867   0.541
 1036   561  20.196   1.146         
 1037   561  20.309   1.192  -1.034
 1039   561  19.394   1.463         
 1040   561  16.007   1.005   0.307
 1041   561  17.796   1.224   0.520
 1043   561  16.284   1.033   0.334
 1044   561  20.918   1.443         
 1045   561  17.225   1.161   0.450
 1046   561  19.702   1.561         
 1048   561  20.324   1.023         
 1049   561  15.035   1.490   1.011
 1050   561  20.573   1.172         
 1051   561  17.782   1.796         
 1053   561  20.345   1.884         
 1054   561  16.670   1.634   1.067
 1055   561  20.143   1.163         
 1056   561  18.267   1.159   0.434
 1058   561  15.122   0.752   0.397
 1059   561  17.984   0.961   0.406
 1060   561  17.563   1.185   0.495
 1063   561  20.064   1.198         
 1067   561  17.966   1.118   0.214
 1071   561  19.204   1.846         
 1072   561  20.274   1.446         
 1073   561  17.742   0.789   0.488
 1074   561  19.608   1.387         
 1075   561  15.939   0.681   0.408
 1076   561  19.248   1.222         
 1077   561  19.190   1.206   0.053
 1079   561  20.069   1.245         
 1080   561  18.271   2.113         
 1081   561  15.911   1.235   0.701
 1082   561  18.814   1.157         
 1083   561  19.680   1.308   0.154
 1084   561  19.557   1.436         
 1085   561  15.980   1.119   0.393
 1086   561  16.886   0.972   0.258
 1088   561  20.342   1.543         
 1089   561  20.443   1.650         
 1091   561  19.223   1.204         
 1092   561  15.679   0.824   0.384
 1096   561  19.815   1.506         
 1097   561  15.633   1.576   1.055
 1098   561  18.180   1.841         
 1099   561  19.367   1.241         
 1100   561  16.904   0.988   0.229
 1101   561  19.748   0.965         
 1102   561  15.369   0.569   0.104
 1103   561  20.094   1.104         
 1104   561  15.523   0.828   0.433
 1105   561  16.859   1.040   0.266
 1107   561  19.866   1.042  -0.190
 1110   561  13.972   0.878   0.305
 1111   561  21.241   0.595         
 1112   561  20.206   1.040         
 1113   561  17.855   1.113   0.225
 1115   561  18.883   1.373         
 1116   561  19.218   1.233         
 1117   561  18.383   1.152   0.272
 1118   561  19.998   1.145         
 1119   561  18.458   1.154   0.315
 1120   561  18.692   1.239   0.177
 1122   561  19.168   1.251   0.191
 1123   561  17.991   1.164   0.298
 1126   561  20.807   1.310         
 1127   561  18.403   1.300   0.187
 1128   561  20.230   1.116         
 1129   561  19.572   1.186         
 1130   561  19.491   1.045  -0.041
 1132   561  15.134   1.250   0.708
 1133   561  18.650   1.213   0.048
 1134   561  16.616   0.892   0.394
 1135   561  20.427   0.865   0.019
 1136   561  18.626   1.428   0.291
 1137   561  19.685   1.160  -0.327
 1138   561  17.330   1.692         
 1139   561  16.396   0.961   0.211
 1141   561  19.994   1.476         
 1142   561  20.510   0.962         
 1145   561  20.146   1.559         
 1146   561  18.939   1.252  -0.184
 1147   561  17.876   1.473         
 1148   561  18.342   1.076   0.165
 1149   561  17.295   1.403   1.177
 1150   561  19.162   1.352         
 1151   561  18.108   0.844   0.525
 1152   561  15.405   0.852   0.202
 1153   561  18.359   1.336   0.492
 1154   561  20.185   1.140         
 1155   561  20.058   1.124         
 1156   561  18.003   1.450   0.873
 1157   561  18.576   1.120   0.429
 1158   561  18.803   1.176  -0.023
 1159   561  14.849   1.102   0.621
 1160   561  17.001   0.817   0.521
 1162   561  16.974   0.991   0.653
 1163   561  19.531   1.690         
 1164   561  18.758   1.165   0.226
 1165   561  19.676   1.525         
 1166   561  16.664   0.942   0.356
 1167   561  19.674   1.235         
 1168   561  19.903   1.327         
 1170   561  19.961   1.027         
 1171   561  18.314   1.417         
 1172   561  20.255   1.249         
 1173   561  17.276   1.014   0.347
 1175   561  19.686   1.249         
 1176   561  18.236   1.155   0.274
 1177   561  19.586   1.252         
 1178   561  17.726   1.457         
 1179   561  20.072   1.130         
 1180   561  17.294   1.489   1.371
 1181   561  20.131   1.287         
 1182   561  17.373   1.152   0.312
 1183   561  17.225   1.647   1.011
 1185   561  17.128   1.058   0.386
 1187   561  20.114   1.106         
 1190   561  17.780   1.090   0.390
 1191   561  19.441   1.788         
 1192   561  18.209   1.121   0.308
 1193   561  18.679   1.074   0.324
 1194   561  15.562   1.030   0.388
 1195   561  19.396   1.787         
 1197   561  17.366   1.177   0.308
 1199   561  15.456   0.953   0.310
 1200   561  18.333   1.467   0.540
 1201   561  20.390   1.278         
 1202   561  17.768   0.992   0.371
 1203   561  16.210   0.804   0.477
 1204   561  20.461   1.145         
 1205   561  20.383   1.466         
 1207   561  17.828   1.199   0.476
 1208   561  19.640   1.087         
 1209   561  19.553   1.265         
 1210   561  19.563   1.008   0.318
 1211   561  14.191   1.757   1.693
 1212   561  19.202   1.117         
 1213   561  18.734   1.259  -0.010
 1215   561  17.659   1.176   0.544
 1216   561  20.876   1.006         
 1217   561  19.921   1.328         
 1219   561  20.239   1.141         
 1221   561  19.607   1.280         
 1222   561  15.251   0.752   0.349
 1223   561  19.265   0.840   0.302
 1224   561  19.492   1.439         
 1227   561  18.476   1.232   0.560
 1228   561  18.888   1.057   0.232
 1229   561  15.227   0.767   0.456
 1230   561  19.281   1.283   0.337
 1232   561  19.203   1.085         
 1233   561  17.540   0.994   0.572
 1234   561  20.078   1.307         
 1235   561  20.059   1.300         
 1236   561  21.176   0.449         
 1237   561  14.407   1.046   0.379
 1238   561  16.277   1.011   0.384
 1239   561  17.653   1.335   1.126
 1240   561  16.047   0.699   0.446
 1241   561  18.383   1.264   0.355
 1242   561  20.506   1.077  -0.452
 1243   561  20.869   0.828         
 1244   561  19.781   1.657         
 1245   561  19.333   1.335  -0.108
 1246   561  20.386   1.049         
 1247   561  17.633   1.220   0.441
 1248   561  15.474   0.630   0.256
 1250   561  20.354   1.351         
 1251   561  17.361   1.400   0.795
 1252   561  18.412   1.690         
 1253   561  19.033   1.066   0.246
 1256   561  20.243   1.492         
 1258   561  18.931   1.235   0.193
 1259   561  15.890   0.655   0.400
 1261   561  20.233   1.161         
 1262   561  21.132   0.743         
 1263   561  17.773   1.097   0.333
 1264   561  17.730   0.728   0.530
 1266   561  19.339   1.167         
 1267   561  18.834   1.277   0.513
 1268   561  20.097   1.436         
 1269   561  17.030   1.009   0.275
 1270   561  16.040   0.685   0.425
 1271   561  18.317   1.543         
 1272   561  19.179   1.842         
 1273   561  20.430   2.076         
 1274   561  20.729   1.492         
 1275   561  20.162   1.082         
 1278   561  17.991   1.315         
 1279   561  16.820   0.843   0.520
 1280   561  17.078   0.919   0.480
 1281   561  20.813   0.847         
 1282   561  16.345   0.978   0.372
 1283   561  19.482   1.416         
 1284   561  19.179   1.155   0.036
 1285   561  19.614   1.720         
 1286   561  15.625   0.999   0.350
 1287   561  18.939   1.162         
 1289   561  19.655   1.519         
 1290   561  18.032   1.405   0.402
 1291   561  20.236   1.238         
 1292   561  19.195   1.319         
 1294   561  17.954   1.057   0.246
 1295   561  19.918   1.223         
 1296   561  18.069   1.279   0.478
 1297   561  19.755   1.352         
 1298   561  20.175   1.283         
 1299   561  18.519   1.343   0.240
 1300   561  17.429   1.142   0.275
 1301   561  18.133   1.851   0.860
 1302   561  18.011   1.276   0.691
 1305   561  19.965   1.125         
 1306   561  18.209   1.266   0.603
 1308   561  15.775   0.926   0.568
 1309   561  21.253   0.930         
 1310   561  19.288   1.459         
 1311   561  20.241   1.149  -0.500
 1313   561  18.372   0.995   0.425
 1314   561  20.280   0.920         
 1315   561  14.392   0.854   0.280
 1316   561  17.452   1.731   1.225
 1317   561  15.125   0.564   0.146
 1319   561  19.587   1.206         
 1320   561  19.257   1.895         
 1323   561  15.413   0.939   0.530
 1324   561  17.807   1.085   0.299
 1325   561  18.180   1.093   0.540
 1326   561  14.506   1.592   1.260
 1327   561  19.778   1.352         
 1328   561  19.779   1.592  -0.517
 1329   561  19.518   0.955         
 1330   561  18.089   1.316   0.375
 1332   561  18.129   1.137   0.223
 1333   561  20.056   1.460         
 1334   561  20.697   1.149         
 1335   561  15.567   0.951   0.384
 1336   561  15.522   2.503   2.266
 1338   561  19.756   1.314  -0.026
 1340   561  18.272   1.201   0.441
 1341   561  19.640   1.486         
 1343   561  19.115   1.239         
 1344   561  18.438   1.233   0.410
 1345   561  17.046   1.361   0.938
 1346   561  15.415   0.939   0.325
 1347   561  19.626   1.364  -0.054
 1348   561  18.837   1.404         
 1349   561  17.603   0.960   0.404
 1350   561  19.203   1.149  -0.092
 1353   561  18.721   1.263   0.323
 1354   561  17.675   1.155   0.336
 1355   561  16.032   0.637   0.459
 1356   561  19.310   1.461         
 1357   561  20.388   1.123         
 1358   561  18.795   1.326   0.655
 1360   561  19.855   1.249  -0.149
 1361   561  16.511   0.991   0.321
 1362   561  18.008   1.749         
 1363   561  15.327   0.564   0.203
 1364   561  20.122   1.179         
 1365   561  18.739   1.499         
 1366   561  19.405   1.447         
 1367   561  18.730   1.640         
 1368   561  20.044   1.251         
 1369   561  18.047   0.811   0.272
 1371   561  17.374   0.959   0.539
 1372   561  20.317   1.736         
 1373   561  17.978   1.038   0.460
 1374   561  20.218   1.138         
 1376   561  20.501   1.165         
 1377   561  19.350   1.447         
 1378   561  16.412   0.771   0.434
 1379   561  18.293   1.038   0.475
 1380   561  19.381   1.521         
 1381   561  18.628   0.404         
 1383   561  18.133   1.556         
 1384   561  17.891   1.532   0.787
 1385   561  17.477   1.294   0.548
 1387   561  21.550   0.404         
 1388   561  17.421   1.516   0.913
 1389   561  19.589   1.128         
 1390   561  19.959   1.094         
 1392   561  16.827   1.082   0.321
 1393   561  19.519   1.034         
 1394   561  17.100   0.949   0.319
 1395   561  20.938   0.855         
 1396   561  17.085   1.076   0.284
 1397   561  17.302   1.181   0.479
 1398   561  19.574   1.265         
 1399   561  19.647   1.290         
 1400   561  20.085   1.448         
 1401   561  19.716   0.863         
 1402   561  19.751   1.110   0.210
 1403   561  20.600   1.596         
 1404   561  15.669   0.876   0.459
 1405   561  20.739   0.918         
 1406   561  20.108   1.400         
 1407   561  21.029   0.736         
 1408   561  20.819   1.495         
 1409   561  16.992   1.067   0.367
 1411   561  17.649   0.969   0.238
 1412   561  17.280   1.160   0.339
 1413   561  19.570   1.295         
 1414   561  19.035   1.061   0.160
 1415   561  19.340   1.160  -0.287
 1416   561  19.308   1.522         
 1417   561  17.705   1.204   0.357
 1418   561  20.723   0.949         
 1419   561  16.553   0.878   0.427
 1421   561  19.340   1.355         
 1422   561  19.946   1.483         
 1423   561  19.551   1.313  -0.097
 1424   561  18.112   1.314   0.528
 1425   561  17.630   1.258   0.308
 1426   561  15.618   0.639   0.350
 1427   561  20.996   1.192         
 1428   561  13.724   1.510   1.081
 1430   561  19.625   1.442         
 1431   561  17.896   1.246   0.434
 1432   561  20.535   1.119         
 1433   561  18.540   1.205         
 1434   561  19.443   1.484         
 1435   561  19.588   1.328         
 1436   561  19.614   1.125         
 1437   561  18.523   1.044   0.268
 1438   561  20.042   1.621         
 1439   561  20.283   0.981         
 1440   561  20.204   1.365         
 1441   561  19.292   1.196   0.387
 1442   561  17.464   1.022   0.336
 1443   561  18.790   0.834  -0.246
 1444   561  20.381   1.345         
 1447   561  20.926   1.397         
 1448   561  18.451   1.176   0.124
 1451   561  15.945   0.907   0.501
 1452   561  19.146   1.153         
 1453   561  17.788   0.989   0.529
 1454   561  17.339   0.636         
 1455   561  14.553   0.499  -0.052
 1456   561  17.628   1.120   0.408
 1457   561  20.176   1.015         
 1458   561  20.386   1.422         
 1462   561  16.974   1.201   0.492
 1463   561  19.982   1.624  -0.569
 1464   561  19.322   1.673         
 1465   561  19.661   1.422         
 1466   561  17.388   1.077   0.281
 1467   561  16.443   1.646   1.310
 1469   561  19.802   1.278   0.088
 1470   561  18.942   1.606         
 1471   561  19.797   1.934  -0.780
 1472   561  18.701   1.593         
 1473   561  17.496   0.856   0.390
 1474   561  19.884   0.954  -0.464
 1475   561  18.232   1.146   0.129
 1476   561  19.896   1.354         
 1477   561  19.350   1.548         
 1478   561  17.943   1.249   0.401
 1479   561  19.514   1.421         
 1480   561  20.045   1.254         
 1481   561  19.044   1.263   0.453
 1482   561  16.105   1.073   0.460
 1483   561  16.377   0.707   0.283
 1485   561  17.987   1.393   0.417
 1486   561  19.813   1.311         
 1487   561  20.599   0.978         
 1488   561  20.273   1.289         
 1489   561  17.647   1.278   0.399
 1491   561  18.893   1.085         
 1493   561  17.911   0.831         
 1494   561  20.647   1.806         
 1495   561  20.228   1.204         
 1496   561  19.727   0.571  -0.677
 1497   561  18.115   1.114   0.114
 1498   561  18.885   1.047   0.359
 1499   561  17.195   1.146   0.418
 1501   561  19.725   1.768         
 1502   561  16.138   0.689   0.464
 1506   561  18.263   1.499   1.240
 1507   561  18.501   1.486         
 1509   561  20.534   1.532         
 1510   561  19.358   1.302   0.108
 1511   561  17.456   0.932   0.277
 1512   561  19.986   1.465         
 1514   561  20.508   1.512         
 1515   561  17.841   1.148   0.334
 1516   561  20.531   1.518         
 1517   561  20.018   1.202         
 1518   561  16.434   0.929   0.517
 1519   561  20.173   1.403         
 1520   561  19.972   1.182         
 1521   561  19.320   1.260  -0.244
 1522   561  18.786   1.210   0.388
 1523   561  19.914   1.313         
 1524   561  17.967   1.143   0.550
 1525   561  17.965   1.069   0.272
 1526   561  19.941   1.111         
 1527   561  18.497   1.358         
 1528   561  18.857   1.307         
 1529   561  20.451   1.289         
 1530   561  19.756   1.078         
 1531   561  18.525   1.252         
 1533   561  19.639   1.719         
 1538   561  17.859   1.000   0.239
 1539   561  17.971   1.412   0.701
 1541   561  20.018   1.261         
 1542   561  16.855   0.695   0.115
 1543   561  18.349   1.151   0.237
 1544   561  18.640   1.221   0.265
 1545   561  13.963   0.759   0.366
 1546   561  18.615   1.221   0.382
 1547   561  19.988   1.694         
 1548   561  19.827   2.026         
 1549   561  18.428   1.197   0.485
 1550   561  16.626   0.922   0.539
 1551   561  16.376   0.955   0.407
 1552   561  19.531   1.195   0.023
 1553   561  16.672   0.750   0.489
 1554   561  17.841   1.785         
 1555   561  17.820   1.008   0.222
 1556   561  20.027   1.227         
 1557   561  20.982   1.374         
 1558   561  20.223   1.369         
 1559   561  18.259   1.099   0.308
 1560   561  19.820   1.561         
 1562   561  16.527   1.100   0.487
 1563   561  19.454   1.231         
 1564   561  16.536   0.967   0.328
 1565   561  18.401   1.202   0.285
 1568   561  14.766   0.540   0.120
 1569   561  17.183   1.081   0.283
 1571   561  17.470   1.240   0.475
 1573   561  20.382   1.348         
 1574   561  18.893   1.210   0.448
 1575   561  19.428   1.580         
 1576   561  17.276   0.860   0.545
 1578   561  19.913   1.234         
 1579   561  17.568   1.150   0.436
 1580   561  16.552   1.560   0.922
 1581   561  19.722   1.065         
 1582   561  20.590   1.364         
 1583   561  19.695   1.371         
 1584   561  19.276   1.464         
 1585   561  18.251   1.212   0.261
 1586   561  16.790   1.045   0.432
 1587   561  16.980   0.914   0.471
 1588   561  20.249   0.676         
 1589   561  18.441   1.351   0.242
 1590   561  19.928   1.430         
 1591   561  16.561   0.866   0.381
 1592   561  20.631   1.056         
 1593   561  18.355   1.049   0.221
 1594   561  18.814   1.221   0.531
 1595   561  17.121   1.092   0.487
 1596   561  17.503   0.962   0.264
 1597   561  20.209   1.226         
 1598   561  18.432   1.858         
 1599   561  15.722   1.089   0.664
 1600   561  16.969   1.055   0.364
 1601   561  18.389   1.136   0.299
 1602   561  20.598   1.156         
 1604   561  19.294   1.333  -0.434
 1606   561  17.473   0.986   0.583
 1608   561  18.891   1.120   0.222
 1609   561  20.374   1.253         
 1610   561  18.520   1.533         
 1612   561  17.585   1.196   0.604
 1614   561  19.913   1.098         
 1615   561  17.684   1.260   0.648
 1617   561  15.941   0.630   0.418
 1620   561  18.808   1.901         
 1621   561  20.042   1.051         
 1623   561  16.316   1.305   0.831
 1624   561  19.154   1.616         
 1625   561  17.796   1.476   0.675
 1626   561  19.430   1.272         
 1627   561  17.433   1.092   0.279
 1633   561  21.253   0.528         
 1635   561  15.891   1.608   1.098
 1636   561  20.754   0.830         
 1637   561  18.283   1.305   0.395
 1638   561  20.174   1.493         
 1639   561  19.009   1.742         
 1640   561  18.041   0.812   0.426
 1642   561  19.115   1.346         
 1643   561  13.969   0.835   0.227
 1644   561  19.493   1.109         
 1645   561  18.608   1.012   0.288
 1646   561  18.795   0.976   0.226
 1647   561  18.167   1.047   0.404
 1648   561  19.404   1.546         
 1649   561  18.904   1.134   0.292
 1650   561  19.755   1.029  -0.342
 1651   561  14.434   0.888   0.245
 1652   561  20.148   1.512         
 1653   561  20.090   1.615         
 1654   561  19.035   1.166  -0.085
 1655   561  19.584   1.357  -0.577
 1656   561  15.417   1.482   1.350
 1657   561  17.670   1.104   0.356
 1658   561  18.969   1.024   0.060
 1659   561  19.151   1.222         
 1661   561  18.325   1.397   0.848
 1662   561  16.168   0.658   0.418
 1663   561  19.667   1.054   0.159
 1664   561  19.327   1.433   0.027
 1666   561  17.452   1.038   0.301
 1667   561  18.685   0.958   0.224
 1668   561  18.504   1.184   0.657
 1670   561  18.853   1.308   0.001
 1672   561  19.294   1.621         
 1673   561  14.739   0.852   0.339
 1674   561  19.206   1.574         
 1675   561  17.770   1.291   0.368
 1676   561  16.236   1.055   0.537
 1677   561  17.882   1.074   0.303
 1678   561  20.538   1.728         
 1679   561  17.590   1.110   0.428
 1681   561  20.181   1.457         
 1682   561  19.817   1.643         
 1683   561  19.168   1.095         
 1686   561  19.625   1.148         
 1687   561  17.975   1.008   0.316
 1688   561  20.841   0.525         
 1689   561  18.039   2.108         
 1690   561  17.348   1.073   0.375
 1691   561  20.702   0.932         
 1692   561  17.996   1.102   0.432
 1693   561  19.428   1.076   0.245
 1694   561  18.850   1.019   0.058
 1695   561  20.048   0.882         
 1696   561  17.495   1.027   0.475
 1697   561  19.992   1.299         
 1698   561  19.942   1.095         
 1699   561  18.856   1.185   0.460
 1700   561  15.286   0.496   0.231
 1701   561  19.889   1.116  -0.260
 1703   561  18.637   1.066   0.405
 1704   561  20.432   1.150         
 1705   561  20.490   1.250  -0.797
 1706   561  20.685   1.396         
 1709   561  16.109   0.635   0.413
 1711   561  19.421   1.387         
 1712   561  19.058   1.114   0.195
 1713   561  17.224   1.204   0.588
 1714   561  19.310   1.323         
 1716   561  17.534   1.152   0.533
 1718   561  18.558   0.998   0.402
 1722   561  17.567   0.975   0.364
 1723   561  14.419   0.454   0.003
 1727   561  18.745   1.248   0.266
 1729   561  18.784   1.084   0.351
 1730   561  19.758   1.073         
 1731   561  17.118   1.088   0.330
 1732   561  16.727   1.664   0.954
 1735   561  16.274   0.837   0.337
 1736   561  16.568   0.915   0.293
 1737   561  19.982   1.602         
 1739   561  15.870   0.742   0.488
 1740   561  19.890   1.311         
 1742   561  20.133   1.174  -0.643
 1743   561  19.520   1.411         
 1745   561  19.057   1.552         
 1747   561  19.041   1.383  -0.494
 1750   561  18.326   0.932   0.426
 1751   561  17.766   1.027   0.296
 1755   561  17.125   0.966         
 1756   561  16.421   1.122   0.586
 1757   561  19.176   1.026   0.052
 1758   561  18.247   0.951   0.338
 1760   561  15.794   0.610   0.394
 1761   561  20.926   0.845         
 1762   561  17.932   1.024   0.359
 1763   561  18.683   1.511         
 1764   561  18.068   1.729         
 1766   561  16.987   1.184   0.619
 1767   561  17.769   1.079   0.347
 1768   561  16.238   0.614   0.310
 1769   561  13.163   1.450   1.165
 1771   561  14.372   0.497   0.273
 1772   561  18.617   1.068   0.362
 1773   561  20.564   1.912         
 1774   561  14.238   0.939   0.318
 1775   561  19.871   1.153         
 1776   561  16.363   0.826   0.369
 1777   561  18.886   1.090   0.208
 1778   561  19.993   1.387         
 1779   561  20.348   1.212         
 1780   561  18.219   1.926         
 1781   561  18.227   1.185   0.369
 1782   561  17.084   1.283   0.491
 1788   561  17.954   1.227   0.421
 1789   561  20.194   1.103         
 1790   561  16.583   1.524   0.931
 1791   561  20.804   0.733         
 1792   561  19.555   1.037         
 1794   561  19.768   1.189         
 1795   561  18.306   1.293   0.359
 1798   561  15.513   0.601   0.360
 1799   561  17.457   1.012   0.220
 1800   561  17.756   1.411   0.683
 1802   561  19.832   1.489  -0.605
 1803   561  19.813   1.357         
 1804   561  20.520   0.765  -0.848
 1805   561  18.267   1.195   0.425
 1806   561  20.727   1.291         
 1807   561  19.641   1.441         
 1808   561  15.814   2.096   1.578
 1809   561  17.577   0.834   0.429
 1810   561  20.319   0.849  -0.444
 1811   561  14.915   0.900   0.302
 1814   561  16.868   1.229   0.885
 1815   561  19.802   1.348         
 1816   561  18.078   1.582         
 1819   561  20.173   1.231         
 1820   561  20.103   1.204         
 1821   561  15.420   1.047   0.442
 1822   561  16.756   0.849   0.208
 1823   561  19.801   1.062         
 1825   561  19.723   1.309         
 1826   561  18.281   1.183   0.431
 1827   561  17.510   1.027   0.570
 1828   561  20.150   1.278         
 1829   561  18.260   1.125   0.124
 1830   561  19.570   1.187         
 1831   561  19.279   1.341         
 1834   561  21.043   0.951         
 1835   561  20.269   1.052  -0.319
 1836   561  19.552   1.386  -0.152
 1837   561  17.261   0.869   0.394
 1838   561  16.957   1.040   0.337
 1839   561  18.843   0.997   0.114
 1840   561  15.484   0.940   0.294
 1842   561  18.690   1.056   0.196
 1843   561  20.224   1.298         
 1844   561  19.971   1.320         
 1846   561  17.696   0.768   0.579
 1847   561  16.715   2.178   1.768
 1848   561  19.398   1.175         
 1849   561  18.247   0.987   0.231
 1850   561  19.518   1.295         
 1852   561  17.733   1.111   0.448
 1853   561  14.845   0.468   0.174
 1854   561  19.868   1.177         
 1855   561  18.471   1.217   0.366
 1856   561  17.427   1.055   0.357
 1859   561  20.239   1.220  -0.579
 1860   561  19.917   1.096         
 1861   561  19.698   1.135  -0.130
 1862   561  18.624   1.054   0.011
 1864   561  19.240   1.135  -0.028
 1865   561  20.919   1.150         
 1866   561  17.870   0.928   0.364
 1868   561  19.702   1.391         
 1870   561  17.586   1.205   0.716
 1871   561  19.522   1.155  -0.045
 1873   561  16.654   0.881   0.248
 1874   561  19.861   1.762         
 1876   561  19.982   1.284         
 1877   561  16.939   1.447   1.114
 1879   561  19.738   0.991         
 1880   561  17.499   1.051   0.339
 1881   561  19.886   0.909  -0.512
 1884   561  18.643   1.001   0.047
 1885   561  18.056   1.002   0.350
 1886   561  18.175   1.193   0.294
 1887   561  18.984   1.386         
 1888   561  15.166   1.701   1.142
 1889   561  20.966   1.115         
 1890   561  15.373   1.578   1.144
 1891   561  19.804   1.348         
 1892   561  19.191   1.246         
 1893   561  16.953   1.228   0.491
 1894   561  19.117   1.215         
 1895   561  20.115   1.346         
 1896   561  18.644   1.046   0.319
 1897   561  14.622   1.122   0.580
 1898   561  19.547   1.067         
 1899   561  18.035   1.635   0.455
 1900   561  17.749   1.042   0.436
 1901   561  19.708   1.681         
 1905   561  18.869   1.196   0.117
 1907   561  15.966   1.657   1.091
 1909   561  18.363   1.913         
 1910   561  18.666   1.040   0.065
 1912   561  18.354   1.160   0.368
 1913   561  19.545   1.313  -0.480
 1914   561  17.038   1.020   0.330
 1915   561  18.449   0.997   0.350
 1916   561  14.945   0.825   0.311
 1918   561  18.580   1.096   0.226
 1919   561  20.688   1.210         
 1921   561  18.619   0.951   0.129
 1922   561  17.706   1.216   0.480
 1923   561  18.650   1.232   0.286
 1924   561  17.349   0.655   0.117
 1925   561  18.665   1.145   0.213
 1926   561  20.608   1.070         
 1927   561  16.994   0.996   0.326
 1928   561  16.283   1.247   0.566
 1931   561  16.841   0.775   0.408
 1935   561  17.403   1.191   0.557
 1936   561  19.827   1.179         
 1938   561  14.912   1.947   1.934
 1939   561  18.384   1.226   0.371
 1940   561  17.187   0.912   0.184
 1941   561  19.829   1.207         
 1942   561  18.878   1.073   0.229
 1943   561  18.528   1.263   0.404
 1944   561  19.686   1.121         
 1945   561  16.852   1.079   0.484
 1946   561  21.059   1.131         
 1947   561  13.348   0.955   0.425
 1949   561  20.137   1.181         
 1950   561  15.925   0.634   0.390
 1951   561  19.965   0.933         
 1953   561  19.098   1.324         
 1955   561  20.269   1.409         
 1956   561  19.366   1.385         
 1957   561  19.336   1.551  -0.171
 1958   561  13.592   0.566  -0.065
 1959   561  18.827   1.189   0.226
 1960   561  17.539   1.071   0.341
 1962   561  20.338   1.278         
 1965   561  19.303   1.079         
 1966   561  18.170   0.838   0.561
 1967   561  18.754   1.495         
 1969   561  15.176   0.644   0.413
 1971   561  19.776   1.588         
 1972   561  19.853   1.258         
 1973   561  20.426   0.924         
 1975   561  18.092   1.023   0.535
 1976   561  15.922   0.925   0.358
 1977   561  15.730   0.755   0.393
 1978   561  16.850   1.564   0.891
 1980   561  18.628   1.319   0.294
 1981   561  19.805   1.708         
 1982   561  15.605   1.049   0.521
 1983   561  20.126   1.300         
 1984   561  20.555   1.652         
 1985   561  20.276   0.945         
 1986   561  14.540   0.534   0.293
 1988   561  15.698   0.593   0.277
 1989   561  16.796   0.915   0.296
 1990   561  20.908   0.725         
 1991   561  13.923   0.527   0.337
 1992   561  18.735   1.274         
 1993   561  20.178   1.079  -0.471
 1994   561  17.403   0.976   0.325
 1995   561  17.966   1.056   0.237
 1997   561  19.566   1.098         
 1998   561  19.892   1.159         
 1999   561  18.616   1.257   0.494
 2002   561  17.893   1.177   0.421
 2003   561  18.836   1.610         
 2004   561  18.640   1.425         
 2005   561  21.418   0.592         
 2006   561  19.127   1.213   0.648
 2007   561  18.962   1.785         
 2008   561  16.062   0.935   0.340
 2009   561  19.187   1.314         
 2010   561  17.568   1.104   0.565
 2012   561  17.813   0.960   0.231
 2013   561  15.455   1.675   1.251
 2014   561  18.490   1.108   0.273
 2015   561  19.432   1.160         
 2016   561  18.636   1.284  -0.107
 2017   561  19.865   1.563         
 2018   561  17.129   1.077   0.465
 2019   561  15.036   0.659   0.120
 2020   561  19.106   1.119   0.035
 2021   561  18.221   1.044   0.158
 2022   561  19.237   1.256   0.038
 2023   561  17.968   0.805   0.713
 2024   561  16.380   0.875   0.411
 2025   561  19.562   1.219         
 2026   561  18.419   1.080  -0.030
 2027   561  20.371   1.040         
 2029   561  20.364   1.601         
 2030   561  15.817   0.607   0.378
 2032   561  19.178   1.261         
 2034   561  18.965   1.156         
 2035   561  19.743   1.245         
 2036   561  19.797   1.417         
 2038   561  17.652   0.967   0.290
 2040   561  18.556   1.392         
 2041   561  18.725   1.357   0.313
 2043   561  20.489   0.992         
 2044   561  17.527   1.126   0.506
 2045   561  18.910   1.156   0.216
 2046   561  19.243   1.145         
 2047   561  13.402   1.356   1.156
 2048   561  18.278   1.299   0.525
 2049   561  19.216   1.085         
 2050   561  20.402   1.103         
 2051   561  18.981   1.309         
 2052   561  20.131   1.338         
 2053   561  19.275   1.533         
 2054   561  17.728   1.014   0.433
 2056   561  20.155   1.213         
 2057   561  15.341   0.992   0.384
 2058   561  19.591   1.593  -0.052
 2059   561  20.277   0.994         
 2060   561  19.547   1.132         
 2061   561  17.362   1.108   0.396
 2062   561  18.883   1.302   0.246
 2063   561  15.338   2.023   2.039
 2064   561  18.519   1.110   0.473
 2065   561  19.264   1.155   0.001
 2066   561  19.625   1.104         
 2067   561  17.521   1.864   1.575
 2068   561  18.644   0.983         
 2070   561  18.877   1.201   0.066
 2072   561  20.524   1.136         
 2074   561  17.763   0.898   0.237
 2075   561  19.915   1.140         
 2076   561  20.239   1.128         
 2077   561  18.962   1.358   0.467
 2080   561  16.633   0.995   0.328
 2081   561  15.446   0.630   0.395
 2082   561  19.501   1.410         
 2084   561  18.189   0.958   0.280
 2085   561  17.793   1.122   0.324
 2086   561  16.532   1.973   1.319
 2087   561  18.958   1.242         
 2088   561  17.197   1.684   0.876
 2089   561  19.841   1.326         
 2090   561  19.258   1.126   0.161
 2091   561  20.997   0.796         
 2092   561  20.689   1.044         
 2093   561  20.320   1.118         
 2094   561  17.529   0.970   0.249
 2095   561  19.106   1.050   0.438
 2097   561  16.458   1.159   0.714
 2099   561  16.528   1.028   0.343
 2100   561  20.259   1.658         
 2101   561  17.424   0.859   0.577
 2102   561  19.646   1.505  -0.489
 2105   561  19.213   0.941   0.550
 2107   561  19.674   1.383         
 2108   561  15.971   0.647   0.432
 2112   561  20.044   1.193         
 2113   561  21.168   0.610         
 2114   561  17.980   0.980   0.267
 2115   561  17.689   1.688   0.991
 2116   561  20.381   1.198         
 2118   561  21.262   0.696         
 2121   561  19.403   1.236  -0.313
 2122   561  19.087   1.183   0.127
 2124   561  19.532   1.444         
 2126   561  17.834   1.442         
 2127   561  16.704   1.144   0.677
 2129   561  17.132   1.099   0.418
 2133   561  19.828   1.358         
 2135   561  20.049   1.038         
 2136   561  20.539   0.993         
 2137   561  17.450   1.690         
 2138   561  19.604   1.138         
 2139   561  19.439   1.308         
 2140   561  20.560   1.071         
 2141   561  13.413   0.405  -0.206
 2142   561  16.214   2.173   1.673
 2144   561  19.145   1.363         
 2145   561  19.488   1.670         
 2147   561  18.847   1.346         
 2149   561  19.161   1.392         
 2150   561  18.168   1.198   0.576
 2151   561  19.415   1.276  -0.452
 2152   561  19.595   1.283         
 2153   561  20.183   1.335         
 2154   561  19.901   1.378   0.010
 2155   561  19.256   0.969  -0.225
 2158   561  20.980   0.849         
 2159   561  19.440   1.261         
 2160   561  17.315   1.052   0.277
 2162   561  18.311   1.310   0.453
 2164   561  19.583   1.300         
 2165   561  19.244   1.239         
 2166   561  17.102   0.860   0.256
 2167   561  19.656   1.333         
 2168   561  17.782   1.653   0.942
 2169   561  15.310   0.522   0.346
 2170   561  19.166   1.378         
 2171   561  19.695   1.325         
 2172   561  16.749   0.874   0.489
 2175   561  18.392   1.132   0.218
 2176   561  18.966   1.198   0.657
 2177   561  19.361   1.131         
 2178   561  19.505   1.126         
 2179   561  17.784   0.905   0.221
 2180   561  19.502   1.276         
 2181   561  19.311   1.086  -0.130
 2182   561  20.162   1.088         
 2183   561  19.959   1.103         
 2185   561  17.177   1.418   0.952
 2186   561  18.997   2.006         
 2188   561  17.319   2.017         
 2190   561  15.267   1.001   0.381
 2191   561  16.128   0.848   0.297
 2192   561  16.887   1.133   0.416
 2193   561  19.769   1.311  -0.278
 2194   561  19.076   1.100   0.207
 2195   561  20.042   1.349         
 2196   561  19.524   1.324         
 2197   561  15.464   0.679   0.393
 2198   561  19.639   1.297         
 2199   561  19.570   1.340         
 2200   561  20.567   1.221         
 2201   561  13.433   0.721   0.148
 2202   561  17.833   0.930   0.490
 2203   561  17.796   1.199   0.520
 2204   561  20.441   1.323         
 2207   561  19.552   1.348         
 2208   561  17.776   1.781         
 2211   561  19.722   1.292         
 2213   561  20.060   1.524         
 2214   561  19.587   1.180         
 2215   561  17.573   0.908   0.499
 2216   561  18.137   1.613         
 2217   561  20.254   1.068         
 2218   561  18.970   1.157   0.672
 2219   561  19.765   1.087         
 2220   561  19.208   1.401  -0.186
 2221   561  17.649   1.018   0.415
 2222   561  16.659   1.020   0.390
 2223   561  18.896   1.152         
 2224   561  18.988   1.398         
 2226   561  18.055   1.085   0.349
 2227   561  19.242   1.280   0.047
 2228   561  17.224   0.915   0.306
 2229   561  19.325   1.476         
 2230   561  19.107   1.263         
 2232   561  20.778   1.199         
 2233   561  19.025   1.183   0.223
 2234   561  17.148   0.967   0.378
 2235   561  17.803   1.125   0.671
 2237   561  19.849   1.150         
 2238   561  17.559   0.879   0.514
 2239   561  19.375   1.020   0.486
 2240   561  15.447   0.538   0.294
 2241   561  17.198   1.029   0.248
 2242   561  19.067   1.310         
 2243   561  21.174   0.963         
 2244   561  20.224   1.448         
 2245   561  20.163   1.529         
 2246   561  18.167   1.150   0.658
 2248   561  19.800   1.607         
 2249   561  18.145   1.200   0.486
 2250   561  18.729   1.157   0.392
 2251   561  20.007   0.993         
 2253   561  18.421   1.255   0.441
 2254   561  19.843   1.315         
 2255   561  20.015   1.303         
 2256   561  20.093   1.217         
 2257   561  18.571   1.163   0.125
 2258   561  17.701   1.245   0.550
 2259   561  19.887   1.331         
 2260   561  17.166   1.220   0.494
 2261   561  20.337   1.220         
 2262   561  20.990   1.221         
 2263   561  20.804   0.694         
 2264   561  21.157   0.450         
 2265   561  19.518   1.558         
 2266   561  19.528   1.205         
 2267   561  18.863   1.048         
 2268   561  20.040   1.241  -0.216
 2269   561  14.543   0.813   0.203
 2270   561  14.523   1.503   1.188
 2271   561  20.261   1.136         
 2272   561  20.055   1.237         
 2274   561  15.607   1.625   1.188
 2275   561  19.365   1.569         
 2276   561  19.555   1.392         
 2277   561  19.711   1.545         
 2278   561  16.789   0.789   0.525
 2279   561  14.025   0.475  -0.057
 2281   561  19.680   1.155  -0.493
 2282   561  16.129   0.712   0.460
 2283   561  16.699   1.147   0.635
 2284   561  19.194   1.320   0.227
 2285   561  17.735   0.934   0.402
 2286   561  20.366   0.917         
 2287   561  19.648   1.224         
 2288   561  18.648   1.090   0.474
 2289   561  16.018   1.030   0.324
 2291   561  19.640   1.299         
 2292   561  18.181   1.149   0.406
 2293   561  17.430   1.063   0.347
 2297   561  17.483   1.265   1.069
 2300   561  19.588   1.562         
 2301   561  19.075   1.263   0.356
 2302   561  16.091   0.779   0.301
 2303   561  14.837   0.898   0.301
 2304   561  14.588   0.425   0.069
 2305   561  20.527   1.027         
 2307   561  20.085   1.190         
 2308   561  17.308   0.991   0.437
 2309   561  19.962   1.345  -0.394
 2312   561  18.545   1.461         
 2313   561  18.824   0.936   0.238
 2314   561  19.624   1.283         
 2315   561  19.190   1.267   0.114
 2318   561  12.914   0.742   0.061
 2319   561  20.606   1.057         
 2320   561  19.710   1.180  -0.184
 2321   561  18.492   1.562   0.377
 2323   561  16.439   1.732   1.216
 2324   561  18.101   1.261   0.423
 2325   561  17.642   1.015   0.364
 2326   561  18.400   1.167         
 2327   561  20.328   1.154         
 2328   561  16.318   1.383   1.169
 2329   561  19.964   1.229         
 2330   561  19.884   1.251         
 2331   561  18.639   1.286         
 2333   561  17.974   1.102   0.298
 2336   561  19.720   1.310  -0.307
 2337   561  17.823   1.540   0.500
 2338   561  19.193   1.084   0.137
 2339   561  18.178   1.122   0.353
 2340   561  16.530   0.904   0.459
 2341   561  20.502   1.170         
 2342   561  18.147   1.197   0.423
 2343   561  18.720   1.068   0.237
 2344   561  19.383   1.172         
 2347   561  14.023   0.776   0.170
 2348   561  14.371   0.852   0.374
 2349   561  18.818   1.081   0.288
 2350   561  18.621   1.286   0.407
 2351   561  20.393   1.343         
 2353   561  20.385   1.147         
 2355   561  16.604   1.778   1.340
 2356   561  18.695   1.132   0.695
 2357   561  20.241   1.457         
 2358   561  19.056   1.307         
 2359   561  19.708   1.453         
 2360   561  20.776   1.170         
 2361   561  18.977   1.642         
 2362   561  12.865   0.464   0.363
 2363   561  18.198   1.039   0.160
 2364   561  12.837   0.937   0.543
 2365   561  20.122   1.556         
 2368   561  18.313   1.214   0.434
 2369   561  19.714   1.212         
 2370   561  19.561   1.466         
 2371   561  18.683   1.197         
 2373   561  19.988   1.101         
 2374   561  20.250   1.437         
 2375   561  17.310   1.339   0.972
 2376   561  18.596   1.135   0.136
 2378   561  17.879   0.861   0.396
 2379   561  16.363   0.705   0.396
 2381   561  19.411   1.701         
 2382   561  15.455   0.816   0.225
 2383   561  17.773   1.030   0.429
 2384   561  19.998   1.112         
 2385   561  19.976   1.792         
 2386   561  17.910   1.050   0.384
 2387   561  20.414   0.840         
 2388   561  20.922   0.938         
 2389   561  18.879   1.470         
 2391   561  19.300   1.189         
 2392   561  19.897   1.355         
 2393   561  17.005   1.341   1.007
 2394   561  20.217   1.312         
 2395   561  18.388   1.064   0.115
 2396   561  18.680   1.156   0.407
 2398   561  16.024   0.775   0.408
 2400   561  18.743   0.998         
 2402   561  18.350   1.111   0.374
 2403   561  15.617   0.579   0.354
 2404   561  16.509   1.036   0.458
 2405   561  19.556   1.674         
 2406   561  18.777   1.230   0.528
 2407   561  20.236   1.315         
 2408   561  19.539   1.269   0.157
 2409   561  18.615   1.294   0.391
 2410   561  19.801   1.364         
 2412   561  19.665   1.237         
 2413   561  20.571   1.125         
 2415   561  18.413   0.953   0.510
 2416   561  20.230   1.167         
 2417   561  19.136   1.213         
 2418   561  18.014   1.303   0.611
 2421   561  18.718   1.312         
 2422   561  18.355   1.136   0.514
 2423   561  20.683   1.262         
 2424   561  16.828   0.832   0.531
 2425   561  19.316   1.511         
 2426   561  20.486   1.739         
 2427   561  18.543   1.536   0.153
 2428   561  19.563   1.252         
 2429   561  15.007   0.901   0.280
 2430   561  17.701   1.223   0.583
 2432   561  19.601   1.291         
 2433   561  18.311   1.104   0.100
 2434   561  18.198   0.991   0.332
 2435   561  19.178   1.174         
 2436   561  17.323   1.216   0.660
 2437   561  16.875   0.897   0.646
 2439   561  18.472   1.370         
 2440   561  16.521   0.973   0.374
 2441   561  19.654   1.281         
 2442   561  18.065   1.108   0.421
 2443   561  18.266   1.062   0.154
 2445   561  20.686   0.809         
 2446   561  18.486   1.078   0.227
 2447   561  18.045   1.028   0.153
 2449   561  20.656   0.927         
 2450   561  17.971   1.010   0.333
 2452   561  20.016   1.345         
 2453   561  19.016   1.192   0.176
 2454   561  19.724   1.247         
 2455   561  19.198   1.666         
 2456   561  18.645   0.960   0.500
 2457   561  20.046   1.128         
 2459   561  13.594   0.457  -0.207
 2460   561  19.888   1.362         
 2461   561  18.136   1.767         
 2462   561  19.415   1.875         
 2463   561  20.141   1.221         
 2464   561  18.640   1.183   0.161
 2466   561  18.691   1.223   0.338
 2467   561  20.357   1.162         
 2468   561  18.278   1.251   0.311
 2469   561  20.212   1.083         
 2470   561  17.306   1.239   0.515
 2471   561  16.751   0.949   0.328
 2472   561  19.785   1.438         
 2474   561  18.827   1.117   0.546
 2475   561  17.558   1.018   0.369
 2477   561  17.910   1.246   0.532
 2478   561  18.822   1.564   0.313
 2479   561  16.046   0.648   0.395
 2480   561  20.274   1.159  -0.425
 2481   561  19.701   1.401         
 2482   561  17.830   1.120   0.370
 2483   561  19.665   1.343         
 2484   561  17.154   0.908   0.452
 2485   561  18.068   1.119   0.109
 2487   561  20.312   0.994         
 2491   561  19.751   1.509         
 2492   561  19.619   1.188         
 2493   561  17.498   1.030   0.333
 2494   561  16.714   1.006   0.296
 2495   561  19.134   1.782         
 2497   561  18.544   1.194   0.346
 2498   561  19.974   1.309         
 2499   561  20.221   1.370         
 2500   561  16.746   1.233   0.778
 2501   561  20.171   1.566         
 2502   561  19.861   1.397         
 2503   561  19.405   1.239         
 2504   561  20.167   1.084         
 2505   561  18.608   1.344         
 2506   561  20.346   1.219         
 2508   561  17.717   1.337   0.671
 2509   561  20.516   0.900         
 2510   561  18.955   1.408         
 2511   561  18.047   1.120   0.293
 2512   561  17.146   0.996   0.269
 2516   561  20.348   1.277         
 2517   561  17.575   1.527   1.152
 2518   561  19.390   1.259         
 2519   561  17.728   0.967   0.436
 2520   561  17.778   1.051   0.408
 2521   561  20.129   1.400         
 2522   561  19.720   1.166         
 2523   561  16.927   0.876   0.485
 2524   561  20.488   1.209         
 2526   561  19.188   1.309   0.176
 2528   561  20.463   1.088         
 2529   561  21.073   0.502         
 2530   561  19.798   1.716         
 2531   561  20.061   1.152         
 2532   561  15.759   0.688   0.417
 2535   561  20.742   0.939         
 2536   561  17.006   0.898   0.462
 2538   561  17.666   1.133   0.243
 2539   561  19.377   1.401   0.015
 2540   561  17.300   1.111   0.428
 2543   561  19.034   1.522   0.173
 2544   561  14.950   1.226   0.889
 2545   561  19.234   1.235  -0.248
 2547   561  14.218   0.421  -0.038
 2548   561  19.084   1.292         
 2549   561  20.680   1.750         
 2550   561  16.668   1.104   0.613
 2551   561  19.882   1.276         
 2553   561  20.181   1.598         
 2554   561  16.649   0.833   0.263
 2555   561  19.081   1.213  -0.065
 2556   561  20.353   1.170         
 2557   561  17.749   0.930   0.308
 2558   561  16.298   0.966   0.361
 2559   561  17.591   0.959   0.288
 2560   561  20.089   1.136         
 2561   561  17.579   1.756   1.129
 2562   561  21.255   0.784         
 2563   561  20.231   1.599         
 2564   561  20.827   1.157         
 2565   561  17.129   1.003   0.266
 2567   561  21.016   0.905         
 2568   561  19.996   1.494  -0.554
 2569   561  15.001   0.871   0.216
 2570   561  16.023   0.698   0.387
 2573   561  20.148   1.194         
 2575   561  19.237   1.308         
 2576   561  14.212   0.812   0.177
 2577   561  19.635   1.227  -0.009
 2578   561  19.695   1.715         
 2580   561  17.814   1.100   0.245
 2581   561  16.173   0.891   0.533
 2583   561  19.912   1.476         
 2584   561  17.380   1.221   0.463
 2585   561  17.961   1.106   0.186
 2586   561  18.629   1.420         
 2587   561  19.799   1.330         
 2588   561  17.452   1.947   1.025
 2589   561  18.804   1.326         
 2590   561  18.858   1.196         
 2591   561  18.615   1.072   0.359
 2592   561  19.334   1.121         
 2593   561  16.886   0.971   0.322
 2594   561  16.851   0.811   0.527
 2596   561  20.106   1.270         
 2597   561  19.315   1.421         
 2598   561  17.895   1.353   0.634
 2600   561  18.598   1.337         
 2602   561  20.514   1.071         
 2603   561  17.957   1.002   0.405
 2604   561  18.893   1.236   0.208
 2605   561  15.453   1.089   0.410
 2606   561  19.490   1.254         
 2607   561  20.229   1.701         
 2609   561  17.114   1.811   1.144
 2610   561  17.852   1.045   0.433
 2612   561  20.230   1.630         
 2613   561  15.218   0.578   0.395
 2614   561  19.731   1.225         
 2615   561  18.604   1.176         
 2616   561  18.278   1.671         
 2617   561  21.117   1.163         
 2618   561  20.037   1.058         
 2619   561  20.844   0.728         
 2620   561  18.312   1.240   0.406
 2621   561  19.130   1.191         
 2623   561  20.209   0.985         
 2624   561  19.648   1.211  -0.133
 2625   561  21.157   1.033         
 2626   561  20.223   1.012  -0.111
 2627   561  18.765   1.050   0.235
 2628   561  15.986   0.870   0.350
 2631   561  19.990   1.335         
 2632   561  16.245   0.923   0.348
 2633   561  18.246   1.179   0.133
 2634   561  19.673   1.172         
 2635   561  20.995   0.861         
 2636   561  15.853   0.708   0.458
 2637   561  17.955   1.185   0.476
 2638   561  15.175   1.085   0.618
 2639   561  19.931   1.407         
 2642   561  18.681   1.468   0.309
 2644   561  20.959   0.675         
 2646   561  16.978   1.009   0.378
 2647   561  18.886   1.188         
 2648   561  15.742   0.811   0.443
 2649   561  19.818   1.429         
 2650   561  17.703   1.024   0.355
 2651   561  13.081   0.855   0.252
 2652   561  18.613   1.282   0.474
 2653   561  17.266   0.955   0.346
 2654   561  19.656   1.203  -0.297
 2655   561  18.716   1.155   0.253
 2656   561  17.886   1.014   0.313
 2659   561  19.582   1.162  -0.178
 2661   561  19.898   1.068  -0.105
 2663   561  20.122   1.457         
 2664   561  18.226   1.104   0.580
 2665   561  19.022   1.154         
 2667   561  20.481   0.781         
 2669   561  19.767   1.462         
 2670   561  18.224   1.602   0.708
 2671   561  19.136   1.102   0.012
 2672   561  18.042   0.927   0.601
 2674   561  18.555   1.035   0.597
 2675   561  20.123   1.443         
 2677   561  19.707   1.179         
 2678   561  19.300   1.463   0.087
 2679   561  19.854   1.170         
 2681   561  18.296   1.228   0.338
 2682   561  18.765   1.228         
 2683   561  20.702   1.138         
 2684   561  20.137   1.165         
 2686   561  19.376   1.398         
 2687   561  18.345   1.243   0.419
 2688   561  19.942   1.945         
 2690   561  17.960   1.066   0.505
 2691   561  19.999   0.967         
 2692   561  18.800   1.720         
 2693   561  19.642   1.146         
 2696   561  19.188   1.264         
 2697   561  20.352   1.588         
 2698   561  20.240   1.089         
 2699   561  18.057   1.395   0.841
 2700   561  19.948   1.432         
 2701   561  18.476   1.343   0.361
 2702   561  20.045   1.557         
 2703   561  19.796   1.358         
 2705   561  19.206   1.323         
 2706   561  19.847   0.985         
 2707   561  17.622   0.992   0.229
 2708   561  18.837   1.214   0.091
 2709   561  18.844   1.110   0.511
 2710   561  19.481   1.190   0.127
 2711   561  20.460   1.230         
 2712   561  20.703   1.364         
 2713   561  20.259   1.408  -1.123
 2714   561  17.029   1.145   0.526
 2716   561  18.141   1.114   0.524
 2719   561  18.233   0.999   0.230
 2720   561  19.558   1.120         
 2722   561  18.200   1.046   0.381
 2723   561  19.735   1.278         
 2724   561  18.130   1.121   0.536
 2725   561  19.105   1.094         
 2726   561  18.185   1.058         
 2727   561  18.325   1.148   0.520
 2728   561  17.739   1.670         
 2729   561  20.753   0.973         
 2730   561  16.822   1.138   0.561
 2731   561  19.974   1.331         
 2733   561  19.074   1.294         
 2734   561  18.697   1.225   0.498
 2736   561  19.748   1.156  -0.180
 2737   561  18.250   1.110   0.409
 2738   561  19.481   1.154         
 2739   561  18.391   1.122   0.415
 2740   561  19.947   1.123         
 2741   561  20.044   1.018   0.009
 2742   561  18.139   1.792         
 2745   561  20.384   1.593         
 2746   561  19.796   0.965         
 2748   561  15.807   1.050   0.578
 2749   561  19.262   1.408         
 2753   561  20.970   0.518         
 2754   561  17.955   1.209   0.729
 2755   561  15.499   0.642   0.441
 2757   561  20.836   0.695         
 2758   561  18.130   1.147   0.283
 2760   561  19.223   1.163   0.186
 2761   561  19.557   1.260         
 2762   561  19.496   1.599         
 2763   561  20.249   1.300         
 2764   561  14.730   1.288   1.086
 2765   561  15.373   0.759   0.381
 2766   561  20.945   1.651         
 2767   561  17.651   0.991   0.433
 2768   561  18.738   1.217         
 2769   561  15.946   0.928   0.326
 2770   561  18.207   0.885   0.658
 2772   561  18.691   1.091         
 2773   561  12.308   1.480   1.026
 2774   561  19.190   1.203  -0.066
 2775   561  20.466   0.668         
 2776   561  15.471   0.920   0.301
 2777   561  18.674   1.300   0.845
 2778   561  19.529   1.368         
 2779   561  18.181   1.165   0.184
 2780   561  18.510   1.872         
 2781   561  20.022   1.262         
 2782   561  19.172   1.236         
 2783   561  20.395   1.338         
 2784   561  16.033   1.007   0.420
 2785   561  17.894   0.990   0.214
 2786   561  19.242   1.318  -0.260
 2787   561  17.821   1.025   0.426
 2788   561  17.090   1.140   0.533
 2789   561  19.946   1.278         
 2791   561  17.848   1.228   0.545
 2792   561  18.161   1.187   0.454
 2794   561  16.967   0.992   0.238
 2796   561  18.808   1.309   0.381
 2797   561  19.704   1.313         
 2799   561  16.345   1.119   0.439
 2802   561  18.610   1.169   0.171
 2803   561  13.571   0.450  -0.034
 2804   561  18.209   1.640         
 2805   561  19.654   0.934         
 2806   561  20.550   1.020         
 2807   561  17.327   1.008   0.283
 2808   561  17.391   1.155   0.262
 2809   561  19.706   1.374         
 2811   561  16.338   1.175   0.751
 2812   561  18.104   0.988   0.574
 2814   561  18.162   1.103   0.229
 2815   561  19.215   1.437         
 2816   561  16.168   1.792   1.360
 2817   561  20.314   1.123         
 2820   561  17.837   1.062   0.531
 2822   561  19.257   1.612         
 2823   561  18.187   1.021   0.350
 2826   561  20.259   1.334         
 2827   561  16.394   0.964   0.527
 2829   561  15.371   0.918   0.179
 2830   561  20.070   1.227         
 2831   561  17.267   1.133   0.514
 2832   561  19.811   1.017         
 2833   561  18.922   1.520         
 2834   561  17.993   1.202   0.389
 2835   561  18.158   1.386   0.635
 2836   561  16.478   1.088         
 2838   561  18.411   1.301   0.299
 2839   561  19.368   1.432         
 2841   561  19.921   1.581         
 2842   561  19.754   1.326         
 2843   561  17.845   1.337   0.766
 2844   561  19.516   1.415         
 2848   561  20.473   1.341         
 2849   561  19.815   1.167         
 2851   561  19.314   1.376         
 2852   561  21.116   0.771         
 2853   561  20.044   1.371         
 2854   561  19.639   1.235         
 2855   561  17.239   0.971   0.330
 2857   561  19.012   1.220         
 2860   561  16.620   1.013   0.401
 2861   561  16.878   0.972   0.420
 2862   561  20.351   1.288         
 2863   561  20.067   1.677         
 2864   561  18.670   0.872   0.401
 2865   561  19.334   1.115         
 2866   561  21.155   0.241         
 2867   561  13.787   0.490  -0.159
 2868   561  18.948   0.962         
 2871   561  18.929   1.199   0.429
 2872   561  16.948   1.125   0.553
 2873   561  14.859   0.634   0.430
 2874   561  19.319   1.234         
 2875   561  15.017   1.082   0.631
 2876   561  19.705   0.909  -0.169
 2877   561  19.939   0.924         
 2878   561  16.687   1.068   0.460
 2879   561  19.748   1.493         
 2881   561  20.117   0.523         
 2883   561  20.097   0.461         
 2884   561  18.930   1.113   0.018
 2887   561  19.557   1.143         
 2889   561  19.623   1.366         
 2890   561  19.896   1.421         
 2891   561  15.016   1.686   1.497
 2892   561  19.303   1.204         
 2893   561  20.060   0.897         
 2894   561  18.720   1.562   0.144
 2896   561  20.934   1.247         
 2899   561  20.079   0.999         
 2900   561  19.535   1.110  -0.017
 2902   561  14.980   0.591   0.215
 2903   561  18.316   1.170   0.403
 2904   561  19.418   1.127         
 2905   561  19.670   1.015         
 2906   561  18.960   1.013         
 2907   561  18.719   1.266   0.892
 2908   561  17.402   1.372   0.372
 2910   561  19.622   1.288         
 2911   561  18.406   1.689         
 2912   561  18.174   1.072   0.335
 2913   561  19.711   1.274         
 2914   561  18.980   1.124   0.205
 2915   561  19.281   1.189         
 2916   561  18.606   1.107   0.601
 2917   561  19.860   1.231         
 2918   561  19.727   1.302         
 2919   561  19.989   1.408         
 2920   561  19.644   1.382  -0.002
 2921   561  15.839   1.143   0.559
 2922   561  18.322   1.311   0.865
 2923   561  19.550   1.194         
 2925   561  15.604   0.799   0.433
 2926   561  18.599   1.293   0.360
 2929   561  13.860   0.619  -0.325
 2930   561  19.848   0.894         
 2931   561  19.076   1.425         
 2932   561  14.453   0.666         
 2933   561  20.441   1.468         
 2934   561  19.473   1.361         
 2937   561  20.096   1.473         
 2938   561  19.031   1.548         
 2940   561  18.268   1.375   0.239
 2942   561  20.088   1.532         
 2943   561  18.235   1.329   0.621
 2945   561  16.726   0.964   0.329
 2946   561  14.941   0.717   0.311
 2947   561  15.313   0.643   0.378
 2948   561  18.976   1.494         
 2949   561  18.672   1.048   0.360
 2950   561  19.301   1.405         
 2951   561  16.719   0.927   0.256
 2953   561  19.955   1.521         
 2954   561  20.495   0.927         
 2955   561  19.181   1.310         
 2956   561  19.407   1.391         
 2958   561  17.877   1.429   1.279
 2959   561  18.518   1.578         
 2961   561  18.804   1.272         
 2962   561  19.272   1.201   0.428
 2965   561  17.380   1.068   0.403
 2966   561  17.684   0.915   0.407
 2967   561  18.911   1.474   0.487
 2968   561  20.942   0.674         
 2969   561  19.471   1.205   0.025
 2970   561  17.208   1.131   0.463
 2971   561  16.323   1.028   0.433
 2973   561  18.632   1.182         
 2975   561  19.577   1.936  -0.630
 2976   561  19.807   1.340         
 2978   561  18.262   1.030   0.221
 2980   561  18.719   1.586         
 2984   561  19.944   2.116         
 2986   561  16.664   1.335   1.174
 2987   561  20.287   1.135         
 2988   561  20.438   1.200         
 2989   561  19.236   1.398         
 2990   561  19.175   1.186   0.288
 2992   561  19.543   1.268         
 2994   561  20.837   1.202         
 2996   561  19.494   1.257         
 2997   561  18.282   1.121   0.585
 2998   561  20.181   1.033         
 2999   561  19.957   1.013         
 3000   561  18.593   1.237   0.862
 3001   561  19.663   1.421  -0.271
 3003   561  14.568   0.695   0.284
 3004   561  18.654   1.074   0.240
 3005   561  17.334   0.960   0.270
 3006   561  19.814   1.283         
 3007   561  20.311   1.178         
 3008   561  18.385   1.163   0.454
 3010   561  18.856   1.146  -0.250
 3011   561  18.926   1.211   0.220
 3012   561  17.774   1.022   0.411
 3013   561  19.419   1.356         
 3014   561  20.645   0.632         
 3015   561  18.718   1.251         
 3016   561  19.013   1.022         
 3017   561  17.864   1.105   0.676
 3021   561  19.870   1.187         
 3022   561  20.381   1.021         
 3023   561  15.961   0.780  -0.033
 3024   561  19.827   1.417         
 3025   561  17.547   1.831         
 3026   561  18.204   1.009   0.272
 3027   561  15.263   0.830   0.246
 3028   561  19.747   1.186  -0.024
 3029   561  17.862   1.414   0.505
 3030   561  18.699   0.851   0.217
 3031   561  16.197   0.689   0.468
 3032   561  18.281   1.523   1.400
 3033   561  18.896   0.642   0.848
 3034   561  18.597   0.077   0.171
