No    Ref    V       B-V     U-B


 0001   537  13.813   0.417         
 0002   537  17.845   1.020         
 0003   537  13.510   0.719         
 0004   537  17.860   0.809         
 0005   537  14.427   0.726         
 0006   537  16.762   0.803         
 0007   537  19.215   1.129         
 0008   537  13.043   0.638         
 0009   537  15.273   2.100         
 0010   537  19.582   0.854         
 0011   537  17.583   0.940         
 0012   537  14.217   0.273         
 0013   537  13.413   1.443         
 0014   537  19.668   1.007         
 0015   537  17.434   1.411         
 0016   537  19.862   1.018         
 0017   537  15.219   0.524         
 0018   537  15.082   0.597         
 0019   537  16.808   0.655         
 0020   537  18.123   0.867         
 0021   537  19.997   1.017         
 0022   537  15.880   0.510         
 0023   537  14.768   0.504         
 0024   537  14.966   0.431         
 0025   537  19.273   1.092         
 0026   537  14.230   0.750         
 0027   537  17.959   0.751         
 0028   537  14.578   0.575         
 0029   537  15.996   0.594         
 0030   537  18.839   1.152         
 0031   537  17.205   1.603         
 0032   537  17.478   0.860         
 0033   537  16.031   0.631         
 0034   537  15.285   0.798         
 0035   537  18.600   1.049         
 0036   537  18.725   1.043         
 0037   537  15.205   0.543         
 0038   537  18.033   0.890         
 0039   537  15.288   0.886         
 0040   537  13.114   0.521         
 0041   537  17.367   0.985         
 0042   537  16.066   1.369         
 0043   537  15.686   0.746         
 0044   537  19.081   1.050         
 0045   537  19.871   1.271         
 0046   537  19.020   0.917         
 0047   537  18.196   1.012         
 0048   537  18.895   1.621         
 0049   537  18.286   1.042         
 0050   537  19.193   1.143         
 0051   537  15.359   0.450         
 0052   537  18.857   0.975         
 0053   537  17.079   0.896         
 0054   537  17.178   1.555         
 0055   537  17.640   1.087         
 0056   537  18.395   0.973         
 0057   537  18.505   0.998         
 0058   537  17.058   0.780         
 0059   537  19.101   0.877         
 0060   537  17.932   0.830         
 0061   537  16.548   0.851         
 0062   537  17.128   0.845         
 0063   537  17.067   0.612         
 0064   537  18.463   1.106         
 0065   537  19.603   1.083         
 0066   537  19.092   1.007         
 0067   537  19.188   1.070         
 0068   537  18.741   0.921         
 0069   537  18.895   1.222         
 0070   537  14.624   0.806         
 0071   537  14.784   0.784         
 0072   537  17.675   0.843         
 0073   537  17.304   1.354         
 0074   537  16.566   0.767         
 0075   537  18.314   0.923         
 0076   537  15.837   0.807         
 0077   537  17.525   0.703         
 0078   537  18.235   1.105         
 0079   537  18.744   1.459         
 0080   537  18.108   1.603         
 0081   537  16.656   0.829         
 0082   537  19.096   1.081         
 0083   537  16.199   1.104         
 0084   537  15.186   0.412         
 0085   537  19.092   0.961         
 0086   537  18.817   1.045         
 0087   537  16.736   0.759         
 0088   537  18.256   1.303         
 0089   537  16.237   0.972         
 0090   537  16.559   0.859         
 0091   537  19.203   0.928         
 0092   537  19.813   1.015         
 0093   537  18.810   1.151         
 0094   537  18.990   1.077         
 0095   537  17.486   0.952         
 0096   537  18.740   1.063         
 0097   537  17.284   0.704         
 0098   537  15.699   0.515         
 0099   537  16.437   0.717         
 0100   537  16.561   1.057         
 0101   537  16.736   0.716         
 0102   537  18.651   0.806         
 0103   537  18.298   0.951         
 0104   537  19.668   1.674         
 0105   537  19.510   0.953         
 0106   537  18.686   0.950         
 0107   537  17.922   0.749         
 0108   537  18.938   1.039         
 0109   537  18.110   1.077         
 0110   537  17.558   0.826         
 0111   537  19.968   1.119         
 0112   537  17.324   0.806         
 0113   537  19.577   0.998         
 0114   537  16.541   1.455         
 0115   537  15.690   0.766         
 0116   537  19.159   1.275         
 0117   537  18.872   0.893         
 0118   537  16.290   0.600         
 0119   537  18.742   0.963         
 0120   537  16.867   0.892         
 0121   537  19.826   0.973         
 0122   537  17.436   0.829         
 0123   537  15.718   0.812         
 0124   537  19.036   1.154         
 0125   537  17.122   0.947         
 0126   537  18.958   1.208         
 0127   537  17.603   1.105         
 0128   537  18.096   1.032         
 0129   537  18.036   0.925         
 0130   537  17.951   0.791         
 0131   537  16.342   0.789         
 0132   537  15.056   0.850         
 0133   537  18.876   1.071         
 0134   537  19.145   1.163         
 0135   537  17.585   1.101         
 0136   537  18.529   1.079         
 0137   537  17.912   0.767         
 0138   537  19.472   1.075         
 0139   537  18.351   1.077         
 0140   537  19.092   1.060         
 0141   537  18.199   1.060         
 0142   537  16.062   0.610         
 0143   537  16.896   0.842         
 0144   537  16.419   0.859         
 0145   537  18.472   0.924         
 0146   537  19.524   1.006         
 0147   537  19.619   1.091         
 0148   537  16.101   1.309         
 0149   537  19.097   1.097         
 0150   537  17.974   0.976         
 0151   537  17.652   0.946         
 0152   537  15.312   0.500         
 0153   537  18.548   0.970         
 0154   537  18.599   0.923         
 0155   537  16.229   0.640         
 0156   537  16.866   0.834         
 0157   537  19.549   1.080         
 0158   537  18.463   1.067         
 0159   537  18.470   1.308         
 0160   537  18.430   0.887         
 0161   537  14.805   0.751         
 0162   537  14.187   1.277         
 0163   537  18.853   1.160         
 0164   537  15.699   1.531         
 0165   537  16.991   0.785         
 0166   537  15.823   0.567         
 0167   537  16.108   1.028         
 0168   537  18.436   0.915         
 0169   537  19.312   1.054         
 0170   537  17.215   1.010         
 0171   537  15.976   1.044         
 0172   537  19.147   1.141         
 0173   537  17.286   0.822         
 0174   537  16.106   0.559         
 0175   537  16.797   0.825         
 0176   537  17.839   0.806         
 0177   537  16.864   0.766         
 0178   537  19.311   1.342         
 0179   537  15.347   0.605         
 0180   537  18.243   0.832         
 0181   537  16.527   1.007         
 0182   537  17.999   0.894         
 0183   537  19.129   1.041         
 0184   537  18.468   0.761         
 0185   537  19.501   0.915         
 0186   537  17.432   0.853         
 0187   537  19.629   1.052         
 0188   537  18.487   1.021         
 0189   537  16.686   0.749         
 0190   537  16.775   0.722         
 0191   537  15.725   0.568         
 0192   537  17.387   0.855         
 0193   537  15.951   0.555         
 0194   537  18.516   1.004         
 0195   537  19.709   1.097         
 0196   537  15.437   0.600         
 0197   537  14.424   0.383         
 0198   537  18.059   0.926         
 0199   537  18.600   0.914         
 0200   537  18.303   0.972         
 0201   537  18.607   1.059         
 0202   537  16.855   0.954         
 0203   537  15.738   0.775         
 0204   537  17.647   0.870         
 0205   537  18.021   1.180         
 0206   537  19.053   0.970         
 0207   537  18.344   0.880         
 0208   537  16.750   0.803         
 0209   537  17.305   0.876         
 0210   537  15.281   0.576         
 0211   537  16.925   0.616         
 0212   537  15.506   0.998         
 0213   537  19.223   0.934         
 0214   537  17.083   1.559         
 0215   537  18.403   0.863         
 0216   537  17.767   0.948         
 0217   537  19.041   1.033         
 0218   537  16.588   1.520         
 0219   537  18.000   1.101         
 0220   537  17.818   0.821         
 0221   537  18.144   0.926         
 0222   537  18.905   0.965         
 0223   537  18.018   0.782         
 0224   537  17.205   0.702         
 0225   537  18.990   1.212         
 0226   537  18.636   0.924         
 0227   537  16.933   0.619         
 0228   537  14.887   0.621         
 0229   537  15.680   0.798         
 0230   537  17.887   0.950         
 0231   537  15.037   0.624         
 0232   537  17.535   0.879         
 0233   537  18.607   0.893         
 0234   537  17.184   0.668         
 0235   537  17.395   0.701         
 0236   537  18.240   0.679         
 0237   537  19.135   1.003         
 0238   537  16.572   1.088         
 0239   537  18.559   0.878         
 0240   537  17.706   1.039         
 0241   537  14.322   0.993         
 0242   537  18.349   1.030         
 0243   537  17.210   1.119         
 0244   537  16.077   0.759         
 0245   537  18.845   1.334         
 0246   537  14.995   0.518         
 0247   537  18.958   1.174         
 0248   537  17.804   0.879         
 0249   537  14.415   0.468         
 0250   537  19.503   1.176         
 0251   537  17.445   0.854         
 0252   537  18.309   1.329         
 0253   537  15.748   0.835         
 0254   537  16.879   1.037         
 0255   537  16.704   0.570         
 0256   537  17.453   0.934         
 0257   537  17.222   0.727         
 0258   537  16.500   0.642         
 0259   537  17.604   1.569         
 0260   537  15.381   0.564         
 0261   537  16.940   0.936         
 0262   537  18.112   0.974         
 0263   537  17.619   0.728         
 0264   537  19.147   1.119         
 0265   537  14.242   0.535         
 0266   537  19.808   0.998         
 0267   537  15.000   0.570         
 0268   537  15.836   0.510         
 0269   537  16.647   1.270         
 0270   537  17.528   0.709         
 0271   537  15.129   0.795         
 0272   537  18.580   0.967         
 0273   537  18.741   1.079         
 0274   537  18.299   0.880         
 0275   537  18.587   0.882         
 0276   537  17.105   0.845         
 0277   537  18.016   1.118         
 0278   537  20.099   1.216         
 0279   537  15.443   1.423         
 0280   537  18.492   1.224         
 0281   537  18.857   0.990         
 0282   537  19.126   1.155         
 0283   537  16.771   0.876         
 0284   537  18.286   0.948         
 0285   537  19.391   1.016         
 0286   537  16.485   0.694         
 0287   537  17.251   0.688         
 0288   537  17.883   0.939         
 0289   537  17.823   0.936         
 0290   537  19.650   1.282         
 0291   537  19.559   1.005         
 0292   537  16.556   0.648         
 0293   537  18.825   1.198         
 0294   537  17.894   0.756         
 0295   537  16.998   0.775         
 0296   537  16.437   0.709         
 0297   537  19.438   0.988         
 0298   537  18.415   0.887         
 0299   537  17.801   1.135         
 0300   537  19.330   1.039         
 0301   537  13.962   1.503         
 0302   537  17.669   0.963         
 0303   537  16.273   0.559         
 0304   537  17.475   0.685         
 0305   537  18.077   0.966         
 0306   537  19.009   1.107         
 0307   537  16.041   0.620         
 0308   537  18.574   1.068         
 0309   537  18.218   1.045         
 0310   537  17.598   0.906         
 0311   537  17.174   0.815         
 0312   537  18.625   1.125         
 0313   537  19.105   0.947         
 0314   537  18.177   0.890         
 0315   537  15.982   0.592         
 0316   537  17.502   0.984         
 0317   537  18.039   0.888         
 0318   537  19.313   0.938         
 0319   537  16.385   0.822         
 0320   537  16.486   0.723         
 0321   537  17.291   0.670         
 0322   537  18.995   1.164         
 0323   537  18.820   1.078         
 0324   537  16.887   0.619         
 0325   537  16.768   0.617         
 0326   537  16.844   1.523         
 0327   537  17.335   1.305         
 0328   537  17.320   0.678         
 0329   537  18.424   1.215         
 0330   537  16.437   0.610         
 0331   537  17.151   1.511         
 0332   537  17.450   0.923         
 0333   537  18.095   0.841         
 0334   537  19.511   1.006         
 0335   537  17.642   0.727         
 0336   537  15.879   0.940         
 0337   537  19.129   0.906         
 0338   537  17.605   0.762         
 0339   537  17.741   0.974         
 0340   537  20.040   1.200         
 0341   537  18.324   1.168         
 0342   537  19.564   1.110         
 0343   537  15.634   1.579         
 0344   537  19.051   1.071         
 0345   537  17.388   1.525         
 0346   537  16.985   0.943         
 0347   537  17.250   1.325         
 0348   537  19.269   1.037         
 0349   537  17.033   1.333         
 0350   537  17.759   0.943         
 0351   537  18.845   0.985         
 0352   537  14.690   1.424         
 0353   537  19.266   1.030         
 0354   537  16.948   0.904         
 0355   537  16.250   0.987         
 0356   537  17.160   0.801         
 0357   537  15.147   0.604         
 0358   537  17.318   0.683         
 0359   537  17.795   0.844         
 0360   537  16.269   1.478         
 0361   537  18.685   1.087         
 0362   537  17.690   1.631         
 0363   537  17.787   0.846         
 0364   537  15.407   0.459         
 0365   537  18.643   1.017         
 0366   537  19.697   0.947         
 0367   537  16.796   0.631         
 0368   537  19.128   1.136         
 0369   537  18.953   0.986         
 0370   537  17.052   0.918         
 0371   537  18.360   0.921         
 0372   537  19.936   1.120         
 0373   537  19.043   0.994         
 0374   537  16.607   0.580         
 0375   537  18.745   1.273         
 0376   537  14.476   1.275         
 0377   537  16.446   1.417         
 0378   537  15.471   0.893         
 0379   537  15.478   0.641         
 0380   537  18.556   0.934         
 0381   537  19.751   0.929         
 0382   537  17.649   0.876         
 0383   537  19.242   1.246         
 0384   537  18.382   1.114         
 0385   537  18.663   1.063         
 0386   537  17.939   0.934         
 0387   537  17.343   0.896         
 0388   537  17.213   0.698         
 0389   537  18.009   0.796         
 0390   537  15.049   1.150         
 0391   537  18.761   1.140         
 0392   537  19.391   1.083         
 0393   537  14.248   0.666         
 0394   537  18.395   0.965         
 0395   537  17.337   0.692         
 0396   537  20.117   1.044         
 0397   537  19.154   0.970         
 0398   537  18.560   1.147         
 0399   537  18.760   1.065         
 0400   537  18.128   1.011         
 0401   537  15.861   0.965         
 0402   537  19.386   1.103         
 0403   537  18.381   0.854         
 0404   537  19.013   1.169         
 0405   537  16.872   0.812         
 0406   537  19.563   1.227         
 0407   537  19.295   1.130         
 0408   537  15.271   0.895         
 0409   537  18.554   0.867         
 0410   537  18.744   0.951         
 0411   537  19.411   0.969         
 0412   537  16.324   0.660         
 0413   537  17.352   0.682         
 0414   537  16.917   1.013         
 0415   537  18.639   0.940         
 0416   537  18.598   0.872         
 0417   537  18.182   0.933         
 0418   537  15.348   0.471         
 0419   537  18.180   1.166         
 0420   537  19.384   1.056         
 0421   537  15.524   0.838         
 0422   537  15.880   1.178         
 0423   537  17.983   1.389         
 0424   537  17.950   0.785         
 0425   537  19.253   1.099         
 0426   537  17.757   0.953         
 0427   537  19.315   0.642         
 0428   537  17.156   1.506         
 0429   537  15.422   1.843         
 0430   537  15.984   0.946         
 0431   537  14.588   0.674         
 0432   537  18.530   1.314         
 0433   537  15.256   0.580         
 0434   537  16.013   0.743         
 0435   537  18.219   1.191         
 0436   537  19.228   0.995         
 0437   537  18.745   0.974         
 0438   537  18.825   1.067         
 0439   537  17.818   0.936         
 0440   537  18.555   1.097         
 0441   537  17.939   0.803         
 0442   537  17.380   1.032         
 0443   537  15.173   0.811         
 0444   537  14.138   1.822         
 0445   537  18.776   0.887         
 0446   537  19.693   0.962         
 0447   537  19.294   1.030         
 0448   537  18.836   1.498         
 0449   537  17.568   1.401         
 0450   537  19.030   0.945         
 0451   537  18.636   1.170         
 0452   537  18.813   0.962         
 0453   537  13.538   0.776         
 0454   537  18.233   0.960         
 0455   537  19.526   0.991         
 0456   537  18.329   0.997         
 0457   537  19.432   0.906         
 0458   537  18.193   1.287         
 0459   537  18.788   1.157         
 0460   537  19.034   1.331         
 0461   537  18.688   1.001         
 0462   537  19.246   1.119         
 0463   537  18.912   0.966         
 0464   537  17.757   0.865         
 0465   537  17.715   1.122         
 0466   537  15.516   0.853         
 0467   537  18.845   1.042         
 0468   537  17.666   0.966         
 0469   537  18.787   1.003         
 0470   537  17.909   0.877         
 0471   537  18.357   0.831         
 0472   537  16.687   0.955         
 0473   537  18.015   0.798         
 0474   537  17.554   0.747         
 0475   537  16.230   0.639         
 0476   537  15.604   0.821         
 0477   537  19.908   0.974         
 0478   537  17.812   0.983         
 0479   537  19.175   1.679         
 0480   537  16.438   0.901         
 0481   537  17.592   0.713         
 0482   537  17.247   0.971         
 0483   537  17.778   0.960         
 0484   537  19.728   1.209         
 0485   537  19.552   1.129         
 0486   537  17.292   0.775         
 0487   537  16.254   0.827         
 0488   537  16.226   0.846         
 0489   537  17.127   1.015         
 0490   537  19.646   0.980         
 0491   537  17.784   0.961         
 0492   537  18.875   0.916         
 0493   537  19.724   1.136         
 0494   537  15.209   0.586         
 0495   537  16.177   0.908         
 0496   537  17.475   0.851         
 0497   537  18.856   0.976         
 0498   537  17.363   1.022         
 0499   537  19.335   1.144         
 0500   537  19.522   1.085         
 0501   537  17.665   0.705         
 0502   537  17.398   0.681         
 0503   537  17.182   1.463         
 0504   537  18.317   0.991         
 0505   537  15.261   0.603         
 0506   537  17.660   1.041         
 0507   537  18.510   1.109         
 0508   537  18.710   1.018         
 0509   537  15.669   0.556         
 0510   537  17.317   1.469         
 0511   537  17.564   0.707         
 0512   537  17.053   0.680         
 0513   537  17.099   0.863         
 0514   537  19.186   1.038         
 0515   537  18.959   0.996         
 0516   537  17.964   0.899         
 0517   537  19.210   1.368         
 0518   537  16.901   1.171         
 0519   537  16.802   0.888         
 0520   537  14.583   0.466         
 0521   537  16.824   0.582         
 0522   537  18.545   0.615         
 0523   537  15.926   0.699
